POST-PILOT FORENSIC AUDIT - EXISTING 50-REPLICATION FILES ONLY
No Monte Carlo, estimator profile, dataset, or penalty was rerun.

CHI-SQUARE(2) REFERENCES
q90_chisq2 = 4.605170
q95_chisq2 = 5.991465
q99_chisq2 = 9.210340

1. COMPLETE COVERAGE MATRIX (n x tau x kappa x estimator)
 n         tau    kappa  estimator  replications coverage rejection_count
 500.0000  0.1000 1.0000 Oracle-GMM 50.0000      0.8200   9.0000         
 500.0000  0.1000 1.0000 Full-GMM   50.0000      0.4800   26.0000        
 500.0000  0.1000 1.0000 DML-IVQR   50.0000      0.9600   2.0000         
 500.0000  0.1000 0.5000 Oracle-GMM 50.0000      0.8400   8.0000         
 500.0000  0.1000 0.5000 Full-GMM   50.0000      0.8800   6.0000         
 500.0000  0.1000 0.5000 DML-IVQR   50.0000      0.9400   3.0000         
 500.0000  0.1000 0.2500 Oracle-GMM 50.0000      0.9400   3.0000         
 500.0000  0.1000 0.2500 Full-GMM   50.0000      0.9400   3.0000         
 500.0000  0.1000 0.2500 DML-IVQR   50.0000      0.9200   4.0000         
 500.0000  0.1000 0.1000 Oracle-GMM 50.0000      0.9000   5.0000         
 500.0000  0.1000 0.1000 Full-GMM   50.0000      0.9800   1.0000         
 500.0000  0.1000 0.1000 DML-IVQR   50.0000      0.9200   4.0000         
 500.0000  0.2500 1.0000 Oracle-GMM 50.0000      0.8000   10.0000        
 500.0000  0.2500 1.0000 Full-GMM   50.0000      0.8200   9.0000         
 500.0000  0.2500 1.0000 DML-IVQR   50.0000      0.9400   3.0000         
 500.0000  0.2500 0.5000 Oracle-GMM 50.0000      0.9200   4.0000         
 500.0000  0.2500 0.5000 Full-GMM   50.0000      0.8800   6.0000         
 500.0000  0.2500 0.5000 DML-IVQR   50.0000      0.9200   4.0000         
 500.0000  0.2500 0.2500 Oracle-GMM 50.0000      0.9000   5.0000         
 500.0000  0.2500 0.2500 Full-GMM   50.0000      0.9600   2.0000         
 500.0000  0.2500 0.2500 DML-IVQR   50.0000      0.9200   4.0000         
 500.0000  0.2500 0.1000 Oracle-GMM 50.0000      0.8800   6.0000         
 500.0000  0.2500 0.1000 Full-GMM   50.0000      0.9400   3.0000         
 500.0000  0.2500 0.1000 DML-IVQR   50.0000      0.9200   4.0000         
 500.0000  0.5000 1.0000 Oracle-GMM 50.0000      0.8800   6.0000         
 500.0000  0.5000 1.0000 Full-GMM   50.0000      0.9400   3.0000         
 500.0000  0.5000 1.0000 DML-IVQR   50.0000      0.9400   3.0000         
 500.0000  0.5000 0.5000 Oracle-GMM 50.0000      0.9000   5.0000         
 500.0000  0.5000 0.5000 Full-GMM   50.0000      0.9200   4.0000         
 500.0000  0.5000 0.5000 DML-IVQR   50.0000      0.9000   5.0000         
 500.0000  0.5000 0.2500 Oracle-GMM 50.0000      0.9200   4.0000         
 500.0000  0.5000 0.2500 Full-GMM   50.0000      0.9200   4.0000         
 500.0000  0.5000 0.2500 DML-IVQR   50.0000      0.9400   3.0000         
 500.0000  0.5000 0.1000 Oracle-GMM 50.0000      0.9000   5.0000         
 500.0000  0.5000 0.1000 Full-GMM   50.0000      0.9600   2.0000         
 500.0000  0.5000 0.1000 DML-IVQR   50.0000      0.9400   3.0000         
 500.0000  0.7500 1.0000 Oracle-GMM 50.0000      0.9200   4.0000         
 500.0000  0.7500 1.0000 Full-GMM   50.0000      0.8400   8.0000         
 500.0000  0.7500 1.0000 DML-IVQR   50.0000      0.7400   13.0000        
 500.0000  0.7500 0.5000 Oracle-GMM 50.0000      0.9800   1.0000         
 500.0000  0.7500 0.5000 Full-GMM   50.0000      0.9000   5.0000         
 500.0000  0.7500 0.5000 DML-IVQR   50.0000      1.0000   0.0000         
 500.0000  0.7500 0.2500 Oracle-GMM 50.0000      0.9800   1.0000         
 500.0000  0.7500 0.2500 Full-GMM   50.0000      0.9200   4.0000         
 500.0000  0.7500 0.2500 DML-IVQR   50.0000      1.0000   0.0000         
 500.0000  0.7500 0.1000 Oracle-GMM 50.0000      0.9800   1.0000         
 500.0000  0.7500 0.1000 Full-GMM   50.0000      0.9800   1.0000         
 500.0000  0.7500 0.1000 DML-IVQR   50.0000      1.0000   0.0000         
 500.0000  0.9000 1.0000 Oracle-GMM 50.0000      0.9400   3.0000         
 500.0000  0.9000 1.0000 Full-GMM   50.0000      0.4200   29.0000        
 500.0000  0.9000 1.0000 DML-IVQR   50.0000      0.6400   18.0000        
 500.0000  0.9000 0.5000 Oracle-GMM 50.0000      0.9600   2.0000         
 500.0000  0.9000 0.5000 Full-GMM   50.0000      0.9400   3.0000         
 500.0000  0.9000 0.5000 DML-IVQR   50.0000      0.9400   3.0000         
 500.0000  0.9000 0.2500 Oracle-GMM 50.0000      0.9800   1.0000         
 500.0000  0.9000 0.2500 Full-GMM   50.0000      0.8200   9.0000         
 500.0000  0.9000 0.2500 DML-IVQR   50.0000      0.9400   3.0000         
 500.0000  0.9000 0.1000 Oracle-GMM 50.0000      0.9800   1.0000         
 500.0000  0.9000 0.1000 Full-GMM   50.0000      0.9600   2.0000         
 500.0000  0.9000 0.1000 DML-IVQR   50.0000      0.9600   2.0000         
 1000.0000 0.1000 1.0000 Oracle-GMM 50.0000      0.7600   12.0000        
 1000.0000 0.1000 1.0000 Full-GMM   50.0000      0.3600   32.0000        
 1000.0000 0.1000 1.0000 DML-IVQR   50.0000      0.9600   2.0000         
 1000.0000 0.1000 0.5000 Oracle-GMM 50.0000      0.9200   4.0000         
 1000.0000 0.1000 0.5000 Full-GMM   50.0000      0.8400   8.0000         
 1000.0000 0.1000 0.5000 DML-IVQR   50.0000      0.9200   4.0000         
 1000.0000 0.1000 0.2500 Oracle-GMM 50.0000      0.9400   3.0000         
 1000.0000 0.1000 0.2500 Full-GMM   50.0000      0.9200   4.0000         
 1000.0000 0.1000 0.2500 DML-IVQR   50.0000      0.9000   5.0000         
 1000.0000 0.1000 0.1000 Oracle-GMM 50.0000      0.9200   4.0000         
 1000.0000 0.1000 0.1000 Full-GMM   50.0000      0.8800   6.0000         
 1000.0000 0.1000 0.1000 DML-IVQR   50.0000      0.9200   4.0000         
 1000.0000 0.2500 1.0000 Oracle-GMM 50.0000      0.9000   5.0000         
 1000.0000 0.2500 1.0000 Full-GMM   50.0000      0.7400   13.0000        
 1000.0000 0.2500 1.0000 DML-IVQR   50.0000      0.9000   5.0000         
 1000.0000 0.2500 0.5000 Oracle-GMM 50.0000      0.9000   5.0000         
 1000.0000 0.2500 0.5000 Full-GMM   50.0000      0.9400   3.0000         
 1000.0000 0.2500 0.5000 DML-IVQR   50.0000      0.9600   2.0000         
 1000.0000 0.2500 0.2500 Oracle-GMM 50.0000      0.9600   2.0000         
 1000.0000 0.2500 0.2500 Full-GMM   50.0000      0.9400   3.0000         
 1000.0000 0.2500 0.2500 DML-IVQR   50.0000      0.9600   2.0000         
 1000.0000 0.2500 0.1000 Oracle-GMM 50.0000      0.9600   2.0000         
 1000.0000 0.2500 0.1000 Full-GMM   50.0000      0.9800   1.0000         
 1000.0000 0.2500 0.1000 DML-IVQR   50.0000      0.9800   1.0000         
 1000.0000 0.5000 1.0000 Oracle-GMM 50.0000      0.8800   6.0000         
 1000.0000 0.5000 1.0000 Full-GMM   50.0000      0.8400   8.0000         
 1000.0000 0.5000 1.0000 DML-IVQR   50.0000      0.8400   8.0000         
 1000.0000 0.5000 0.5000 Oracle-GMM 50.0000      0.8800   6.0000         
 1000.0000 0.5000 0.5000 Full-GMM   50.0000      0.9400   3.0000         
 1000.0000 0.5000 0.5000 DML-IVQR   50.0000      0.8800   6.0000         
 1000.0000 0.5000 0.2500 Oracle-GMM 50.0000      0.9200   4.0000         
 1000.0000 0.5000 0.2500 Full-GMM   50.0000      0.9200   4.0000         
 1000.0000 0.5000 0.2500 DML-IVQR   50.0000      0.9000   5.0000         
 1000.0000 0.5000 0.1000 Oracle-GMM 50.0000      0.8600   7.0000         
 1000.0000 0.5000 0.1000 Full-GMM   50.0000      0.9400   3.0000         
 1000.0000 0.5000 0.1000 DML-IVQR   50.0000      0.9200   4.0000         
 1000.0000 0.7500 1.0000 Oracle-GMM 50.0000      0.9200   4.0000         
 1000.0000 0.7500 1.0000 Full-GMM   50.0000      0.8000   10.0000        
 1000.0000 0.7500 1.0000 DML-IVQR   50.0000      0.6800   16.0000        
 1000.0000 0.7500 0.5000 Oracle-GMM 50.0000      0.9000   5.0000         
 1000.0000 0.7500 0.5000 Full-GMM   50.0000      0.9200   4.0000         
 1000.0000 0.7500 0.5000 DML-IVQR   50.0000      0.8200   9.0000         
 1000.0000 0.7500 0.2500 Oracle-GMM 50.0000      0.8600   7.0000         
 1000.0000 0.7500 0.2500 Full-GMM   50.0000      0.9600   2.0000         
 1000.0000 0.7500 0.2500 DML-IVQR   50.0000      0.8800   6.0000         
 1000.0000 0.7500 0.1000 Oracle-GMM 50.0000      0.8800   6.0000         
 1000.0000 0.7500 0.1000 Full-GMM   50.0000      0.9200   4.0000         
 1000.0000 0.7500 0.1000 DML-IVQR   50.0000      0.9000   5.0000         
 1000.0000 0.9000 1.0000 Oracle-GMM 50.0000      0.9200   4.0000         
 1000.0000 0.9000 1.0000 Full-GMM   50.0000      0.6400   18.0000        
 1000.0000 0.9000 1.0000 DML-IVQR   50.0000      0.5000   25.0000        
 1000.0000 0.9000 0.5000 Oracle-GMM 50.0000      0.9000   5.0000         
 1000.0000 0.9000 0.5000 Full-GMM   50.0000      0.8200   9.0000         
 1000.0000 0.9000 0.5000 DML-IVQR   50.0000      0.8800   6.0000         
 1000.0000 0.9000 0.2500 Oracle-GMM 50.0000      0.9000   5.0000         
 1000.0000 0.9000 0.2500 Full-GMM   50.0000      0.9400   3.0000         
 1000.0000 0.9000 0.2500 DML-IVQR   50.0000      0.9200   4.0000         
 1000.0000 0.9000 0.1000 Oracle-GMM 50.0000      0.9200   4.0000         
 1000.0000 0.9000 0.1000 Full-GMM   50.0000      0.9200   4.0000         
 1000.0000 0.9000 0.1000 DML-IVQR   50.0000      0.9400   3.0000         
 rejection_rate MCSE   Wilson_lower Wilson_upper mean_W_true median_W_true
 0.1800         0.0543 0.6920       0.9023       3.3587      2.6438       
 0.5200         0.0707 0.3480       0.6149       7.9147      6.8772       
 0.0400         0.0277 0.8654       0.9890       2.0671      1.5208       
 0.1600         0.0518 0.7149       0.9166       2.7202      1.6629       
 0.1200         0.0460 0.7620       0.9438       2.9394      2.1052       
 0.0600         0.0336 0.8378       0.9794       1.9862      1.5327       
 0.0600         0.0336 0.8378       0.9794       2.1380      1.4948       
 0.0600         0.0336 0.8378       0.9794       2.2305      1.6406       
 0.0800         0.0384 0.8116       0.9685       2.3705      1.6316       
 0.1000         0.0424 0.7864       0.9565       2.4283      1.5208       
 0.0200         0.0198 0.8950       0.9965       1.9304      1.7642       
 0.0800         0.0384 0.8116       0.9685       2.4790      2.1293       
 0.2000         0.0566 0.6696       0.8876       3.5693      1.9761       
 0.1800         0.0543 0.6920       0.9023       3.8620      2.9755       
 0.0600         0.0336 0.8378       0.9794       2.1476      1.7485       
 0.0800         0.0384 0.8116       0.9685       2.4086      1.5246       
 0.1200         0.0460 0.7620       0.9438       3.2054      2.3660       
 0.0800         0.0384 0.8116       0.9685       2.2384      1.5236       
 0.1000         0.0424 0.7864       0.9565       2.3435      1.6289       
 0.0400         0.0277 0.8654       0.9890       2.2608      1.5874       
 0.0800         0.0384 0.8116       0.9685       2.0774      1.3976       
 0.1200         0.0460 0.7620       0.9438       2.2514      1.4378       
 0.0600         0.0336 0.8378       0.9794       1.9322      1.2104       
 0.0800         0.0384 0.8116       0.9685       2.0927      1.4292       
 0.1200         0.0460 0.7620       0.9438       2.8331      2.3749       
 0.0600         0.0336 0.8378       0.9794       2.0914      0.9583       
 0.0600         0.0336 0.8378       0.9794       2.5425      1.6047       
 0.1000         0.0424 0.7864       0.9565       2.5865      1.7123       
 0.0800         0.0384 0.8116       0.9685       2.5002      1.9800       
 0.1000         0.0424 0.7864       0.9565       2.2537      1.3538       
 0.0800         0.0384 0.8116       0.9685       2.4694      1.4166       
 0.0800         0.0384 0.8116       0.9685       2.1018      1.4878       
 0.0600         0.0336 0.8378       0.9794       2.2406      1.7618       
 0.1000         0.0424 0.7864       0.9565       2.4812      1.7138       
 0.0400         0.0277 0.8654       0.9890       2.0771      1.3285       
 0.0600         0.0336 0.8378       0.9794       2.4076      1.9583       
 0.0800         0.0384 0.8116       0.9685       2.3952      1.6823       
 0.1600         0.0518 0.7149       0.9166       3.1935      2.3447       
 0.2600         0.0620 0.6045       0.8413       4.1188      3.0526       
 0.0200         0.0198 0.8950       0.9965       1.6451      1.1315       
 0.1000         0.0424 0.7864       0.9565       2.7685      1.8087       
 0.0000         0.0000 0.9287       1.0000       1.8931      1.4015       
 0.0200         0.0198 0.8950       0.9965       1.5051      0.9239       
 0.0800         0.0384 0.8116       0.9685       2.3624      1.7844       
 0.0000         0.0000 0.9287       1.0000       1.6991      1.0675       
 0.0200         0.0198 0.8950       0.9965       1.4441      1.1770       
 0.0200         0.0198 0.8950       0.9965       2.1758      1.6308       
 0.0000         0.0000 0.9287       1.0000       1.6557      1.3373       
 0.0600         0.0336 0.8378       0.9794       2.5128      1.4949       
 0.5800         0.0698 0.2938       0.5577       7.5799      6.4439       
 0.3600         0.0679 0.5014       0.7586       5.4514      4.4173       
 0.0400         0.0277 0.8654       0.9890       1.8753      1.3534       
 0.0600         0.0336 0.8378       0.9794       2.5930      2.1332       
 0.0600         0.0336 0.8378       0.9794       2.5241      1.6014       
 0.0200         0.0198 0.8950       0.9965       1.5995      1.2273       
 0.1800         0.0543 0.6920       0.9023       2.9271      1.9380       
 0.0600         0.0336 0.8378       0.9794       1.8841      1.3942       
 0.0200         0.0198 0.8950       0.9965       1.7028      1.2320       
 0.0400         0.0277 0.8654       0.9890       1.7720      1.0993       
 0.0400         0.0277 0.8654       0.9890       1.6879      1.0527       
 0.2400         0.0604 0.6259       0.8570       3.7708      3.1429       
 0.6400         0.0679 0.2414       0.4986       10.3309     10.1875      
 0.0400         0.0277 0.8654       0.9890       1.8127      1.1582       
 0.0800         0.0384 0.8116       0.9685       2.6035      2.2854       
 0.1600         0.0518 0.7149       0.9166       3.3995      2.5376       
 0.0800         0.0384 0.8116       0.9685       1.9789      1.4482       
 0.0600         0.0336 0.8378       0.9794       2.1551      1.6512       
 0.0800         0.0384 0.8116       0.9685       2.3816      1.7370       
 0.1000         0.0424 0.7864       0.9565       2.3204      1.3807       
 0.0800         0.0384 0.8116       0.9685       2.1210      1.5453       
 0.1200         0.0460 0.7620       0.9438       2.2895      1.1518       
 0.0800         0.0384 0.8116       0.9685       2.4247      1.7953       
 0.1000         0.0424 0.7864       0.9565       2.5568      1.9244       
 0.2600         0.0620 0.6045       0.8413       4.9102      3.8788       
 0.1000         0.0424 0.7864       0.9565       2.5141      1.7129       
 0.1000         0.0424 0.7864       0.9565       2.2614      1.4587       
 0.0600         0.0336 0.8378       0.9794       2.3177      1.4916       
 0.0400         0.0277 0.8654       0.9890       1.7978      1.3307       
 0.0400         0.0277 0.8654       0.9890       2.1149      1.5554       
 0.0600         0.0336 0.8378       0.9794       2.0917      1.4060       
 0.0400         0.0277 0.8654       0.9890       1.7167      0.9210       
 0.0400         0.0277 0.8654       0.9890       1.9267      1.5154       
 0.0200         0.0198 0.8950       0.9965       1.8287      1.3876       
 0.0200         0.0198 0.8950       0.9965       1.5483      1.0566       
 0.1200         0.0460 0.7620       0.9438       2.4216      1.5707       
 0.1600         0.0518 0.7149       0.9166       2.8251      1.8632       
 0.1600         0.0518 0.7149       0.9166       3.2951      2.5277       
 0.1200         0.0460 0.7620       0.9438       2.4396      1.4220       
 0.0600         0.0336 0.8378       0.9794       2.3487      1.7201       
 0.1200         0.0460 0.7620       0.9438       2.3523      1.6935       
 0.0800         0.0384 0.8116       0.9685       2.1538      1.1598       
 0.0800         0.0384 0.8116       0.9685       2.4221      1.5512       
 0.1000         0.0424 0.7864       0.9565       2.2548      1.4921       
 0.1400         0.0491 0.7381       0.9305       2.1504      1.2949       
 0.0600         0.0336 0.8378       0.9794       2.3361      1.9535       
 0.0800         0.0384 0.8116       0.9685       2.1177      1.0733       
 0.0800         0.0384 0.8116       0.9685       2.6589      1.7335       
 0.2000         0.0566 0.6696       0.8876       4.0170      2.8563       
 0.3200         0.0660 0.5419       0.7924       5.7036      4.3230       
 0.1000         0.0424 0.7864       0.9565       2.7091      1.7330       
 0.0800         0.0384 0.8116       0.9685       2.4826      1.6427       
 0.1800         0.0543 0.6920       0.9023       3.2705      1.6125       
 0.1400         0.0491 0.7381       0.9305       2.5388      1.3551       
 0.0400         0.0277 0.8654       0.9890       2.2579      1.6630       
 0.1200         0.0460 0.7620       0.9438       2.4533      1.5987       
 0.1200         0.0460 0.7620       0.9438       2.4243      1.9678       
 0.0800         0.0384 0.8116       0.9685       2.4824      1.7862       
 0.1000         0.0424 0.7864       0.9565       2.2611      1.7079       
 0.0800         0.0384 0.8116       0.9685       2.8715      2.5170       
 0.3600         0.0679 0.5014       0.7586       6.2771      4.3850       
 0.5000         0.0707 0.3664       0.6336       6.6761      5.9963       
 0.1000         0.0424 0.7864       0.9565       2.3647      1.4827       
 0.1800         0.0543 0.6920       0.9023       3.2265      2.1632       
 0.1200         0.0460 0.7620       0.9438       3.3473      2.4770       
 0.1000         0.0424 0.7864       0.9565       2.4315      1.5354       
 0.0600         0.0336 0.8378       0.9794       2.2304      1.5295       
 0.0800         0.0384 0.8116       0.9685       2.3569      1.4642       
 0.0800         0.0384 0.8116       0.9685       2.3740      1.8949       
 0.0800         0.0384 0.8116       0.9685       2.3905      1.9665       
 0.0600         0.0336 0.8378       0.9794       2.1885      1.5134       
 q90_W_true q95_W_true max_W_true
 7.4135     8.0927     15.5432   
 15.9947    18.3802    21.8241   
 4.5440     5.4031     9.5201    
 6.6161     7.1069     10.2573   
 6.1475     7.8391     10.8578   
 4.5235     5.8022     7.4086    
 4.7749     5.8960     7.5472    
 4.9884     6.4074     12.4582   
 5.2074     6.6594     8.9008    
 5.7506     7.2358     10.3591   
 4.3535     4.7415     6.4204    
 5.8381     6.6520     8.2795    
 9.1819     12.7259    18.2817   
 10.2853    10.8322    15.8392   
 4.0508     6.4498     10.4478   
 5.0494     7.7312     15.6450   
 6.2738     9.8797     13.0725   
 4.8545     6.1564     7.9579    
 5.7013     7.5075     10.9895   
 4.5252     5.2264     13.9164   
 4.7297     7.6354     8.6208    
 6.0426     6.8703     10.9152   
 4.0745     6.1856     9.3041    
 5.4487     7.1018     11.7096   
 6.1619     7.9065     13.0805   
 4.2310     5.9249     12.7326   
 4.8701     6.4938     16.6994   
 5.6105     8.7684     11.0392   
 5.7479     6.9318     7.7950    
 5.1008     6.2679     9.9507    
 5.3019     8.7061     11.0073   
 5.7648     6.3350     8.5195    
 4.4478     6.2653     10.4056   
 5.8213     7.6785     11.6257   
 5.3195     5.6677     7.4833    
 5.3209     5.8549     8.3083    
 5.7117     6.3150     9.1938    
 7.5288     8.9950     10.3390   
 8.5893     9.5119     12.5653   
 3.7214     4.2780     7.0554    
 5.6002     8.6265     12.7722   
 4.3375     4.5048     5.7696    
 2.9050     3.7923     6.3382    
 5.3596     7.5870     10.1611   
 4.1364     4.2245     5.3051    
 2.8070     3.4074     7.6768    
 4.5379     4.9808     8.7077    
 3.7626     4.6828     5.3324    
 4.4184     6.9754     17.7322   
 15.5704    16.2752    25.0007   
 9.3037     15.0071    18.9660   
 4.3527     4.9084     8.8481    
 5.1117     6.1637     9.9888    
 4.7988     6.5220     16.6512   
 3.1563     3.5574     8.0673    
 8.4395     8.7012     8.8665    
 3.7836     5.3938     11.7007   
 3.7577     4.0629     6.4733    
 4.0656     5.1066     8.3780    
 3.8456     4.5248     11.1096   
 7.5964     9.8238     11.5161   
 19.6018    21.5541    33.0847   
 4.8938     5.5573     8.9127    
 5.4675     6.5309     6.7464    
 8.1266     9.4667     13.4101   
 4.6544     6.8482     9.1460    
 4.1837     5.9890     8.6915    
 5.4007     7.3455     7.7841    
 5.5455     6.7383     9.2491    
 5.1012     6.3302     11.6702   
 6.1850     7.2331     10.8162   
 5.7165     6.5102     9.6518    
 5.8787     7.9728     8.1263    
 12.9274    15.6865    22.2050   
 5.1691     7.0787     14.4049   
 5.7337     6.6620     8.8897    
 5.4361     6.4109     9.1899    
 3.5855     4.8558     10.8394   
 5.2553     5.6652     7.7187    
 4.5200     6.2989     9.4233    
 4.1496     4.7997     8.7125    
 4.1956     5.0895     8.6506    
 4.1058     5.3172     6.5082    
 3.5094     4.2148     7.9677    
 6.1288     8.0232     10.2814   
 6.6209     8.4780     14.0255   
 7.1478     8.6248     12.9221   
 6.1876     6.5822     11.6354   
 5.1776     6.2475     11.6056   
 7.1155     8.6571     10.3782   
 5.7449     7.2022     9.4163    
 5.4656     7.1706     11.2624   
 5.5292     7.5436     12.2181   
 6.4082     7.2695     9.4008    
 4.7018     6.0469     11.6796   
 5.0365     8.7610     10.3604   
 5.3186     7.3166     15.2931   
 9.6061     11.2722    23.9947   
 13.2088    15.9284    29.9303   
 5.9132     6.5241     14.2670   
 5.0605     6.8831     15.4705   
 6.9621     11.7773    21.0781   
 6.4488     7.9016     12.1094   
 4.0130     5.0616     12.8800   
 7.0555     8.9570     10.8832   
 6.1154     7.7701     8.9927    
 4.9002     6.2720     13.6718   
 5.0032     6.8808     7.5851    
 5.9285     6.5221     9.0008    
 15.4838    18.7795    21.2762   
 12.6479    14.2430    21.0454   
 5.5832     7.2155     9.6139    
 8.0753     8.6074     13.6539   
 6.9613     9.0010     13.1113   
 5.8015     6.4014     10.8667   
 4.8547     5.9973     8.8514    
 4.5482     6.8387     11.2475   
 5.5350     6.5343     8.1550    
 5.5090     6.1378     11.0424   
 4.3598     6.6347     9.8323    

2. COVERAGE MATRIX SORTED WORST TO BEST
 n         tau    kappa  estimator  replications coverage rejection_count
 1000.0000 0.1000 1.0000 Full-GMM   50.0000      0.3600   32.0000        
 500.0000  0.9000 1.0000 Full-GMM   50.0000      0.4200   29.0000        
 500.0000  0.1000 1.0000 Full-GMM   50.0000      0.4800   26.0000        
 1000.0000 0.9000 1.0000 DML-IVQR   50.0000      0.5000   25.0000        
 1000.0000 0.9000 1.0000 Full-GMM   50.0000      0.6400   18.0000        
 500.0000  0.9000 1.0000 DML-IVQR   50.0000      0.6400   18.0000        
 1000.0000 0.7500 1.0000 DML-IVQR   50.0000      0.6800   16.0000        
 1000.0000 0.2500 1.0000 Full-GMM   50.0000      0.7400   13.0000        
 500.0000  0.7500 1.0000 DML-IVQR   50.0000      0.7400   13.0000        
 1000.0000 0.1000 1.0000 Oracle-GMM 50.0000      0.7600   12.0000        
 1000.0000 0.7500 1.0000 Full-GMM   50.0000      0.8000   10.0000        
 500.0000  0.2500 1.0000 Oracle-GMM 50.0000      0.8000   10.0000        
 500.0000  0.2500 1.0000 Full-GMM   50.0000      0.8200   9.0000         
 500.0000  0.1000 1.0000 Oracle-GMM 50.0000      0.8200   9.0000         
 1000.0000 0.7500 0.5000 DML-IVQR   50.0000      0.8200   9.0000         
 1000.0000 0.9000 0.5000 Full-GMM   50.0000      0.8200   9.0000         
 500.0000  0.9000 0.2500 Full-GMM   50.0000      0.8200   9.0000         
 1000.0000 0.1000 0.5000 Full-GMM   50.0000      0.8400   8.0000         
 1000.0000 0.5000 1.0000 DML-IVQR   50.0000      0.8400   8.0000         
 500.0000  0.7500 1.0000 Full-GMM   50.0000      0.8400   8.0000         
 1000.0000 0.5000 1.0000 Full-GMM   50.0000      0.8400   8.0000         
 500.0000  0.1000 0.5000 Oracle-GMM 50.0000      0.8400   8.0000         
 1000.0000 0.7500 0.2500 Oracle-GMM 50.0000      0.8600   7.0000         
 1000.0000 0.5000 0.1000 Oracle-GMM 50.0000      0.8600   7.0000         
 1000.0000 0.9000 0.5000 DML-IVQR   50.0000      0.8800   6.0000         
 500.0000  0.2500 0.5000 Full-GMM   50.0000      0.8800   6.0000         
 500.0000  0.1000 0.5000 Full-GMM   50.0000      0.8800   6.0000         
 500.0000  0.5000 1.0000 Oracle-GMM 50.0000      0.8800   6.0000         
 1000.0000 0.7500 0.2500 DML-IVQR   50.0000      0.8800   6.0000         
 1000.0000 0.5000 0.5000 Oracle-GMM 50.0000      0.8800   6.0000         
 1000.0000 0.7500 0.1000 Oracle-GMM 50.0000      0.8800   6.0000         
 1000.0000 0.5000 1.0000 Oracle-GMM 50.0000      0.8800   6.0000         
 1000.0000 0.5000 0.5000 DML-IVQR   50.0000      0.8800   6.0000         
 1000.0000 0.1000 0.1000 Full-GMM   50.0000      0.8800   6.0000         
 500.0000  0.2500 0.1000 Oracle-GMM 50.0000      0.8800   6.0000         
 500.0000  0.7500 0.5000 Full-GMM   50.0000      0.9000   5.0000         
 1000.0000 0.7500 0.5000 Oracle-GMM 50.0000      0.9000   5.0000         
 500.0000  0.5000 0.5000 Oracle-GMM 50.0000      0.9000   5.0000         
 1000.0000 0.2500 1.0000 Oracle-GMM 50.0000      0.9000   5.0000         
 1000.0000 0.2500 1.0000 DML-IVQR   50.0000      0.9000   5.0000         
 500.0000  0.5000 0.1000 Oracle-GMM 50.0000      0.9000   5.0000         
 1000.0000 0.9000 0.2500 Oracle-GMM 50.0000      0.9000   5.0000         
 500.0000  0.1000 0.1000 Oracle-GMM 50.0000      0.9000   5.0000         
 1000.0000 0.9000 0.5000 Oracle-GMM 50.0000      0.9000   5.0000         
 500.0000  0.2500 0.2500 Oracle-GMM 50.0000      0.9000   5.0000         
 1000.0000 0.1000 0.2500 DML-IVQR   50.0000      0.9000   5.0000         
 1000.0000 0.2500 0.5000 Oracle-GMM 50.0000      0.9000   5.0000         
 1000.0000 0.7500 0.1000 DML-IVQR   50.0000      0.9000   5.0000         
 1000.0000 0.5000 0.2500 DML-IVQR   50.0000      0.9000   5.0000         
 500.0000  0.5000 0.5000 DML-IVQR   50.0000      0.9000   5.0000         
 1000.0000 0.9000 1.0000 Oracle-GMM 50.0000      0.9200   4.0000         
 1000.0000 0.7500 1.0000 Oracle-GMM 50.0000      0.9200   4.0000         
 1000.0000 0.1000 0.5000 Oracle-GMM 50.0000      0.9200   4.0000         
 500.0000  0.5000 0.5000 Full-GMM   50.0000      0.9200   4.0000         
 1000.0000 0.7500 0.5000 Full-GMM   50.0000      0.9200   4.0000         
 1000.0000 0.7500 0.1000 Full-GMM   50.0000      0.9200   4.0000         
 500.0000  0.1000 0.1000 DML-IVQR   50.0000      0.9200   4.0000         
 500.0000  0.5000 0.2500 Oracle-GMM 50.0000      0.9200   4.0000         
 1000.0000 0.1000 0.1000 DML-IVQR   50.0000      0.9200   4.0000         
 1000.0000 0.5000 0.2500 Full-GMM   50.0000      0.9200   4.0000         
 500.0000  0.2500 0.5000 Oracle-GMM 50.0000      0.9200   4.0000         
 500.0000  0.7500 1.0000 Oracle-GMM 50.0000      0.9200   4.0000         
 1000.0000 0.9000 0.1000 Full-GMM   50.0000      0.9200   4.0000         
 1000.0000 0.1000 0.2500 Full-GMM   50.0000      0.9200   4.0000         
 1000.0000 0.9000 0.1000 Oracle-GMM 50.0000      0.9200   4.0000         
 500.0000  0.1000 0.2500 DML-IVQR   50.0000      0.9200   4.0000         
 500.0000  0.7500 0.2500 Full-GMM   50.0000      0.9200   4.0000         
 1000.0000 0.9000 0.2500 DML-IVQR   50.0000      0.9200   4.0000         
 500.0000  0.2500 0.5000 DML-IVQR   50.0000      0.9200   4.0000         
 1000.0000 0.5000 0.2500 Oracle-GMM 50.0000      0.9200   4.0000         
 1000.0000 0.1000 0.1000 Oracle-GMM 50.0000      0.9200   4.0000         
 1000.0000 0.5000 0.1000 DML-IVQR   50.0000      0.9200   4.0000         
 500.0000  0.5000 0.2500 Full-GMM   50.0000      0.9200   4.0000         
 500.0000  0.2500 0.1000 DML-IVQR   50.0000      0.9200   4.0000         
 500.0000  0.2500 0.2500 DML-IVQR   50.0000      0.9200   4.0000         
 1000.0000 0.1000 0.5000 DML-IVQR   50.0000      0.9200   4.0000         
 500.0000  0.9000 0.5000 Full-GMM   50.0000      0.9400   3.0000         
 500.0000  0.5000 1.0000 DML-IVQR   50.0000      0.9400   3.0000         
 500.0000  0.9000 0.5000 DML-IVQR   50.0000      0.9400   3.0000         
 500.0000  0.9000 1.0000 Oracle-GMM 50.0000      0.9400   3.0000         
 500.0000  0.5000 0.1000 DML-IVQR   50.0000      0.9400   3.0000         
 1000.0000 0.5000 0.5000 Full-GMM   50.0000      0.9400   3.0000         
 1000.0000 0.5000 0.1000 Full-GMM   50.0000      0.9400   3.0000         
 1000.0000 0.2500 0.5000 Full-GMM   50.0000      0.9400   3.0000         
 500.0000  0.5000 0.2500 DML-IVQR   50.0000      0.9400   3.0000         
 500.0000  0.1000 0.2500 Full-GMM   50.0000      0.9400   3.0000         
 1000.0000 0.9000 0.2500 Full-GMM   50.0000      0.9400   3.0000         
 1000.0000 0.9000 0.1000 DML-IVQR   50.0000      0.9400   3.0000         
 1000.0000 0.1000 0.2500 Oracle-GMM 50.0000      0.9400   3.0000         
 500.0000  0.2500 1.0000 DML-IVQR   50.0000      0.9400   3.0000         
 500.0000  0.1000 0.2500 Oracle-GMM 50.0000      0.9400   3.0000         
 1000.0000 0.2500 0.2500 Full-GMM   50.0000      0.9400   3.0000         
 500.0000  0.5000 1.0000 Full-GMM   50.0000      0.9400   3.0000         
 500.0000  0.1000 0.5000 DML-IVQR   50.0000      0.9400   3.0000         
 500.0000  0.2500 0.1000 Full-GMM   50.0000      0.9400   3.0000         
 500.0000  0.9000 0.2500 DML-IVQR   50.0000      0.9400   3.0000         
 500.0000  0.2500 0.2500 Full-GMM   50.0000      0.9600   2.0000         
 1000.0000 0.7500 0.2500 Full-GMM   50.0000      0.9600   2.0000         
 1000.0000 0.2500 0.2500 Oracle-GMM 50.0000      0.9600   2.0000         
 500.0000  0.5000 0.1000 Full-GMM   50.0000      0.9600   2.0000         
 500.0000  0.1000 1.0000 DML-IVQR   50.0000      0.9600   2.0000         
 1000.0000 0.2500 0.1000 Oracle-GMM 50.0000      0.9600   2.0000         
 500.0000  0.9000 0.5000 Oracle-GMM 50.0000      0.9600   2.0000         
 1000.0000 0.1000 1.0000 DML-IVQR   50.0000      0.9600   2.0000         
 1000.0000 0.2500 0.5000 DML-IVQR   50.0000      0.9600   2.0000         
 500.0000  0.9000 0.1000 Full-GMM   50.0000      0.9600   2.0000         
 1000.0000 0.2500 0.2500 DML-IVQR   50.0000      0.9600   2.0000         
 500.0000  0.9000 0.1000 DML-IVQR   50.0000      0.9600   2.0000         
 500.0000  0.7500 0.1000 Full-GMM   50.0000      0.9800   1.0000         
 500.0000  0.1000 0.1000 Full-GMM   50.0000      0.9800   1.0000         
 1000.0000 0.2500 0.1000 Full-GMM   50.0000      0.9800   1.0000         
 500.0000  0.9000 0.1000 Oracle-GMM 50.0000      0.9800   1.0000         
 500.0000  0.7500 0.5000 Oracle-GMM 50.0000      0.9800   1.0000         
 500.0000  0.9000 0.2500 Oracle-GMM 50.0000      0.9800   1.0000         
 1000.0000 0.2500 0.1000 DML-IVQR   50.0000      0.9800   1.0000         
 500.0000  0.7500 0.2500 Oracle-GMM 50.0000      0.9800   1.0000         
 500.0000  0.7500 0.1000 Oracle-GMM 50.0000      0.9800   1.0000         
 500.0000  0.7500 0.5000 DML-IVQR   50.0000      1.0000   0.0000         
 500.0000  0.7500 0.2500 DML-IVQR   50.0000      1.0000   0.0000         
 500.0000  0.7500 0.1000 DML-IVQR   50.0000      1.0000   0.0000         
 rejection_rate MCSE   Wilson_lower Wilson_upper mean_W_true median_W_true
 0.6400         0.0679 0.2414       0.4986       10.3309     10.1875      
 0.5800         0.0698 0.2938       0.5577       7.5799      6.4439       
 0.5200         0.0707 0.3480       0.6149       7.9147      6.8772       
 0.5000         0.0707 0.3664       0.6336       6.6761      5.9963       
 0.3600         0.0679 0.5014       0.7586       6.2771      4.3850       
 0.3600         0.0679 0.5014       0.7586       5.4514      4.4173       
 0.3200         0.0660 0.5419       0.7924       5.7036      4.3230       
 0.2600         0.0620 0.6045       0.8413       4.9102      3.8788       
 0.2600         0.0620 0.6045       0.8413       4.1188      3.0526       
 0.2400         0.0604 0.6259       0.8570       3.7708      3.1429       
 0.2000         0.0566 0.6696       0.8876       4.0170      2.8563       
 0.2000         0.0566 0.6696       0.8876       3.5693      1.9761       
 0.1800         0.0543 0.6920       0.9023       3.8620      2.9755       
 0.1800         0.0543 0.6920       0.9023       3.3587      2.6438       
 0.1800         0.0543 0.6920       0.9023       3.2705      1.6125       
 0.1800         0.0543 0.6920       0.9023       3.2265      2.1632       
 0.1800         0.0543 0.6920       0.9023       2.9271      1.9380       
 0.1600         0.0518 0.7149       0.9166       3.3995      2.5376       
 0.1600         0.0518 0.7149       0.9166       3.2951      2.5277       
 0.1600         0.0518 0.7149       0.9166       3.1935      2.3447       
 0.1600         0.0518 0.7149       0.9166       2.8251      1.8632       
 0.1600         0.0518 0.7149       0.9166       2.7202      1.6629       
 0.1400         0.0491 0.7381       0.9305       2.5388      1.3551       
 0.1400         0.0491 0.7381       0.9305       2.1504      1.2949       
 0.1200         0.0460 0.7620       0.9438       3.3473      2.4770       
 0.1200         0.0460 0.7620       0.9438       3.2054      2.3660       
 0.1200         0.0460 0.7620       0.9438       2.9394      2.1052       
 0.1200         0.0460 0.7620       0.9438       2.8331      2.3749       
 0.1200         0.0460 0.7620       0.9438       2.4533      1.5987       
 0.1200         0.0460 0.7620       0.9438       2.4396      1.4220       
 0.1200         0.0460 0.7620       0.9438       2.4243      1.9678       
 0.1200         0.0460 0.7620       0.9438       2.4216      1.5707       
 0.1200         0.0460 0.7620       0.9438       2.3523      1.6935       
 0.1200         0.0460 0.7620       0.9438       2.2895      1.1518       
 0.1200         0.0460 0.7620       0.9438       2.2514      1.4378       
 0.1000         0.0424 0.7864       0.9565       2.7685      1.8087       
 0.1000         0.0424 0.7864       0.9565       2.7091      1.7330       
 0.1000         0.0424 0.7864       0.9565       2.5865      1.7123       
 0.1000         0.0424 0.7864       0.9565       2.5568      1.9244       
 0.1000         0.0424 0.7864       0.9565       2.5141      1.7129       
 0.1000         0.0424 0.7864       0.9565       2.4812      1.7138       
 0.1000         0.0424 0.7864       0.9565       2.4315      1.5354       
 0.1000         0.0424 0.7864       0.9565       2.4283      1.5208       
 0.1000         0.0424 0.7864       0.9565       2.3647      1.4827       
 0.1000         0.0424 0.7864       0.9565       2.3435      1.6289       
 0.1000         0.0424 0.7864       0.9565       2.3204      1.3807       
 0.1000         0.0424 0.7864       0.9565       2.2614      1.4587       
 0.1000         0.0424 0.7864       0.9565       2.2611      1.7079       
 0.1000         0.0424 0.7864       0.9565       2.2548      1.4921       
 0.1000         0.0424 0.7864       0.9565       2.2537      1.3538       
 0.0800         0.0384 0.8116       0.9685       2.8715      2.5170       
 0.0800         0.0384 0.8116       0.9685       2.6589      1.7335       
 0.0800         0.0384 0.8116       0.9685       2.6035      2.2854       
 0.0800         0.0384 0.8116       0.9685       2.5002      1.9800       
 0.0800         0.0384 0.8116       0.9685       2.4826      1.6427       
 0.0800         0.0384 0.8116       0.9685       2.4824      1.7862       
 0.0800         0.0384 0.8116       0.9685       2.4790      2.1293       
 0.0800         0.0384 0.8116       0.9685       2.4694      1.4166       
 0.0800         0.0384 0.8116       0.9685       2.4247      1.7953       
 0.0800         0.0384 0.8116       0.9685       2.4221      1.5512       
 0.0800         0.0384 0.8116       0.9685       2.4086      1.5246       
 0.0800         0.0384 0.8116       0.9685       2.3952      1.6823       
 0.0800         0.0384 0.8116       0.9685       2.3905      1.9665       
 0.0800         0.0384 0.8116       0.9685       2.3816      1.7370       
 0.0800         0.0384 0.8116       0.9685       2.3740      1.8949       
 0.0800         0.0384 0.8116       0.9685       2.3705      1.6316       
 0.0800         0.0384 0.8116       0.9685       2.3624      1.7844       
 0.0800         0.0384 0.8116       0.9685       2.3569      1.4642       
 0.0800         0.0384 0.8116       0.9685       2.2384      1.5236       
 0.0800         0.0384 0.8116       0.9685       2.1538      1.1598       
 0.0800         0.0384 0.8116       0.9685       2.1210      1.5453       
 0.0800         0.0384 0.8116       0.9685       2.1177      1.0733       
 0.0800         0.0384 0.8116       0.9685       2.1018      1.4878       
 0.0800         0.0384 0.8116       0.9685       2.0927      1.4292       
 0.0800         0.0384 0.8116       0.9685       2.0774      1.3976       
 0.0800         0.0384 0.8116       0.9685       1.9789      1.4482       
 0.0600         0.0336 0.8378       0.9794       2.5930      2.1332       
 0.0600         0.0336 0.8378       0.9794       2.5425      1.6047       
 0.0600         0.0336 0.8378       0.9794       2.5241      1.6014       
 0.0600         0.0336 0.8378       0.9794       2.5128      1.4949       
 0.0600         0.0336 0.8378       0.9794       2.4076      1.9583       
 0.0600         0.0336 0.8378       0.9794       2.3487      1.7201       
 0.0600         0.0336 0.8378       0.9794       2.3361      1.9535       
 0.0600         0.0336 0.8378       0.9794       2.3177      1.4916       
 0.0600         0.0336 0.8378       0.9794       2.2406      1.7618       
 0.0600         0.0336 0.8378       0.9794       2.2305      1.6406       
 0.0600         0.0336 0.8378       0.9794       2.2304      1.5295       
 0.0600         0.0336 0.8378       0.9794       2.1885      1.5134       
 0.0600         0.0336 0.8378       0.9794       2.1551      1.6512       
 0.0600         0.0336 0.8378       0.9794       2.1476      1.7485       
 0.0600         0.0336 0.8378       0.9794       2.1380      1.4948       
 0.0600         0.0336 0.8378       0.9794       2.0917      1.4060       
 0.0600         0.0336 0.8378       0.9794       2.0914      0.9583       
 0.0600         0.0336 0.8378       0.9794       1.9862      1.5327       
 0.0600         0.0336 0.8378       0.9794       1.9322      1.2104       
 0.0600         0.0336 0.8378       0.9794       1.8841      1.3942       
 0.0400         0.0277 0.8654       0.9890       2.2608      1.5874       
 0.0400         0.0277 0.8654       0.9890       2.2579      1.6630       
 0.0400         0.0277 0.8654       0.9890       2.1149      1.5554       
 0.0400         0.0277 0.8654       0.9890       2.0771      1.3285       
 0.0400         0.0277 0.8654       0.9890       2.0671      1.5208       
 0.0400         0.0277 0.8654       0.9890       1.9267      1.5154       
 0.0400         0.0277 0.8654       0.9890       1.8753      1.3534       
 0.0400         0.0277 0.8654       0.9890       1.8127      1.1582       
 0.0400         0.0277 0.8654       0.9890       1.7978      1.3307       
 0.0400         0.0277 0.8654       0.9890       1.7720      1.0993       
 0.0400         0.0277 0.8654       0.9890       1.7167      0.9210       
 0.0400         0.0277 0.8654       0.9890       1.6879      1.0527       
 0.0200         0.0198 0.8950       0.9965       2.1758      1.6308       
 0.0200         0.0198 0.8950       0.9965       1.9304      1.7642       
 0.0200         0.0198 0.8950       0.9965       1.8287      1.3876       
 0.0200         0.0198 0.8950       0.9965       1.7028      1.2320       
 0.0200         0.0198 0.8950       0.9965       1.6451      1.1315       
 0.0200         0.0198 0.8950       0.9965       1.5995      1.2273       
 0.0200         0.0198 0.8950       0.9965       1.5483      1.0566       
 0.0200         0.0198 0.8950       0.9965       1.5051      0.9239       
 0.0200         0.0198 0.8950       0.9965       1.4441      1.1770       
 0.0000         0.0000 0.9287       1.0000       1.8931      1.4015       
 0.0000         0.0000 0.9287       1.0000       1.6991      1.0675       
 0.0000         0.0000 0.9287       1.0000       1.6557      1.3373       
 q90_W_true q95_W_true max_W_true coverage_rank
 19.6018    21.5541    33.0847    1.0000       
 15.5704    16.2752    25.0007    2.0000       
 15.9947    18.3802    21.8241    3.0000       
 12.6479    14.2430    21.0454    4.0000       
 15.4838    18.7795    21.2762    5.0000       
 9.3037     15.0071    18.9660    6.0000       
 13.2088    15.9284    29.9303    7.0000       
 12.9274    15.6865    22.2050    8.0000       
 8.5893     9.5119     12.5653    9.0000       
 7.5964     9.8238     11.5161    10.0000      
 9.6061     11.2722    23.9947    11.0000      
 9.1819     12.7259    18.2817    12.0000      
 10.2853    10.8322    15.8392    13.0000      
 7.4135     8.0927     15.5432    14.0000      
 6.9621     11.7773    21.0781    15.0000      
 8.0753     8.6074     13.6539    16.0000      
 8.4395     8.7012     8.8665     17.0000      
 8.1266     9.4667     13.4101    18.0000      
 7.1478     8.6248     12.9221    19.0000      
 7.5288     8.9950     10.3390    20.0000      
 6.6209     8.4780     14.0255    21.0000      
 6.6161     7.1069     10.2573    22.0000      
 6.4488     7.9016     12.1094    23.0000      
 6.4082     7.2695     9.4008     24.0000      
 6.9613     9.0010     13.1113    25.0000      
 6.2738     9.8797     13.0725    26.0000      
 6.1475     7.8391     10.8578    27.0000      
 6.1619     7.9065     13.0805    28.0000      
 7.0555     8.9570     10.8832    29.0000      
 6.1876     6.5822     11.6354    30.0000      
 6.1154     7.7701     8.9927     31.0000      
 6.1288     8.0232     10.2814    32.0000      
 7.1155     8.6571     10.3782    33.0000      
 6.1850     7.2331     10.8162    34.0000      
 6.0426     6.8703     10.9152    35.0000      
 5.6002     8.6265     12.7722    36.0000      
 5.9132     6.5241     14.2670    37.0000      
 5.6105     8.7684     11.0392    38.0000      
 5.8787     7.9728     8.1263     39.0000      
 5.1691     7.0787     14.4049    40.0000      
 5.8213     7.6785     11.6257    41.0000      
 5.8015     6.4014     10.8667    42.0000      
 5.7506     7.2358     10.3591    43.0000      
 5.5832     7.2155     9.6139     44.0000      
 5.7013     7.5075     10.9895    45.0000      
 5.5455     6.7383     9.2491     46.0000      
 5.7337     6.6620     8.8897     47.0000      
 5.0032     6.8808     7.5851     48.0000      
 5.5292     7.5436     12.2181    49.0000      
 5.1008     6.2679     9.9507     50.0000      
 5.9285     6.5221     9.0008     51.0000      
 5.3186     7.3166     15.2931    52.0000      
 5.4675     6.5309     6.7464     53.0000      
 5.7479     6.9318     7.7950     54.0000      
 5.0605     6.8831     15.4705    55.0000      
 4.9002     6.2720     13.6718    56.0000      
 5.8381     6.6520     8.2795     57.0000      
 5.3019     8.7061     11.0073    58.0000      
 5.7165     6.5102     9.6518     59.0000      
 5.4656     7.1706     11.2624    60.0000      
 5.0494     7.7312     15.6450    61.0000      
 5.7117     6.3150     9.1938     62.0000      
 5.5090     6.1378     11.0424    63.0000      
 5.4007     7.3455     7.7841     64.0000      
 5.5350     6.5343     8.1550     65.0000      
 5.2074     6.6594     8.9008     66.0000      
 5.3596     7.5870     10.1611    67.0000      
 4.5482     6.8387     11.2475    68.0000      
 4.8545     6.1564     7.9579     69.0000      
 5.7449     7.2022     9.4163     70.0000      
 5.1012     6.3302     11.6702    71.0000      
 5.0365     8.7610     10.3604    72.0000      
 5.7648     6.3350     8.5195     73.0000      
 5.4487     7.1018     11.7096    74.0000      
 4.7297     7.6354     8.6208     75.0000      
 4.6544     6.8482     9.1460     76.0000      
 5.1117     6.1637     9.9888     77.0000      
 4.8701     6.4938     16.6994    78.0000      
 4.7988     6.5220     16.6512    79.0000      
 4.4184     6.9754     17.7322    80.0000      
 5.3209     5.8549     8.3083     81.0000      
 5.1776     6.2475     11.6056    82.0000      
 4.7018     6.0469     11.6796    83.0000      
 5.4361     6.4109     9.1899     84.0000      
 4.4478     6.2653     10.4056    85.0000      
 4.9884     6.4074     12.4582    86.0000      
 4.8547     5.9973     8.8514     87.0000      
 4.3598     6.6347     9.8323     88.0000      
 4.1837     5.9890     8.6915     89.0000      
 4.0508     6.4498     10.4478    90.0000      
 4.7749     5.8960     7.5472     91.0000      
 4.5200     6.2989     9.4233     92.0000      
 4.2310     5.9249     12.7326    93.0000      
 4.5235     5.8022     7.4086     94.0000      
 4.0745     6.1856     9.3041     95.0000      
 3.7836     5.3938     11.7007    96.0000      
 4.5252     5.2264     13.9164    97.0000      
 4.0130     5.0616     12.8800    98.0000      
 5.2553     5.6652     7.7187     99.0000      
 5.3195     5.6677     7.4833     100.0000     
 4.5440     5.4031     9.5201     101.0000     
 4.1956     5.0895     8.6506     102.0000     
 4.3527     4.9084     8.8481     103.0000     
 4.8938     5.5573     8.9127     104.0000     
 3.5855     4.8558     10.8394    105.0000     
 4.0656     5.1066     8.3780     106.0000     
 4.1496     4.7997     8.7125     107.0000     
 3.8456     4.5248     11.1096    108.0000     
 4.5379     4.9808     8.7077     109.0000     
 4.3535     4.7415     6.4204     110.0000     
 4.1058     5.3172     6.5082     111.0000     
 3.7577     4.0629     6.4733     112.0000     
 3.7214     4.2780     7.0554     113.0000     
 3.1563     3.5574     8.0673     114.0000     
 3.5094     4.2148     7.9677     115.0000     
 2.9050     3.7923     6.3382     116.0000     
 2.8070     3.4074     7.6768     117.0000     
 4.3375     4.5048     5.7696     118.0000     
 4.1364     4.2245     5.3051     119.0000     
 3.7626     4.6828     5.3324     120.0000     

Cells with coverage < .90: 35
Cells with coverage < .80: 10
Cells with coverage < .70: 7

Cells below .90 (no interpretation in this listing):
 n         tau    kappa  estimator  coverage rejection_count rejection_rate
 1000.0000 0.1000 1.0000 Full-GMM   0.3600   32.0000         0.6400        
 500.0000  0.9000 1.0000 Full-GMM   0.4200   29.0000         0.5800        
 500.0000  0.1000 1.0000 Full-GMM   0.4800   26.0000         0.5200        
 1000.0000 0.9000 1.0000 DML-IVQR   0.5000   25.0000         0.5000        
 1000.0000 0.9000 1.0000 Full-GMM   0.6400   18.0000         0.3600        
 500.0000  0.9000 1.0000 DML-IVQR   0.6400   18.0000         0.3600        
 1000.0000 0.7500 1.0000 DML-IVQR   0.6800   16.0000         0.3200        
 1000.0000 0.2500 1.0000 Full-GMM   0.7400   13.0000         0.2600        
 500.0000  0.7500 1.0000 DML-IVQR   0.7400   13.0000         0.2600        
 1000.0000 0.1000 1.0000 Oracle-GMM 0.7600   12.0000         0.2400        
 1000.0000 0.7500 1.0000 Full-GMM   0.8000   10.0000         0.2000        
 500.0000  0.2500 1.0000 Oracle-GMM 0.8000   10.0000         0.2000        
 500.0000  0.2500 1.0000 Full-GMM   0.8200   9.0000          0.1800        
 500.0000  0.1000 1.0000 Oracle-GMM 0.8200   9.0000          0.1800        
 1000.0000 0.7500 0.5000 DML-IVQR   0.8200   9.0000          0.1800        
 1000.0000 0.9000 0.5000 Full-GMM   0.8200   9.0000          0.1800        
 500.0000  0.9000 0.2500 Full-GMM   0.8200   9.0000          0.1800        
 1000.0000 0.1000 0.5000 Full-GMM   0.8400   8.0000          0.1600        
 1000.0000 0.5000 1.0000 DML-IVQR   0.8400   8.0000          0.1600        
 500.0000  0.7500 1.0000 Full-GMM   0.8400   8.0000          0.1600        
 1000.0000 0.5000 1.0000 Full-GMM   0.8400   8.0000          0.1600        
 500.0000  0.1000 0.5000 Oracle-GMM 0.8400   8.0000          0.1600        
 1000.0000 0.7500 0.2500 Oracle-GMM 0.8600   7.0000          0.1400        
 1000.0000 0.5000 0.1000 Oracle-GMM 0.8600   7.0000          0.1400        
 1000.0000 0.9000 0.5000 DML-IVQR   0.8800   6.0000          0.1200        
 500.0000  0.2500 0.5000 Full-GMM   0.8800   6.0000          0.1200        
 500.0000  0.1000 0.5000 Full-GMM   0.8800   6.0000          0.1200        
 500.0000  0.5000 1.0000 Oracle-GMM 0.8800   6.0000          0.1200        
 1000.0000 0.7500 0.2500 DML-IVQR   0.8800   6.0000          0.1200        
 1000.0000 0.5000 0.5000 Oracle-GMM 0.8800   6.0000          0.1200        
 1000.0000 0.7500 0.1000 Oracle-GMM 0.8800   6.0000          0.1200        
 1000.0000 0.5000 1.0000 Oracle-GMM 0.8800   6.0000          0.1200        
 1000.0000 0.5000 0.5000 DML-IVQR   0.8800   6.0000          0.1200        
 1000.0000 0.1000 0.1000 Full-GMM   0.8800   6.0000          0.1200        
 500.0000  0.2500 0.1000 Oracle-GMM 0.8800   6.0000          0.1200        
 MCSE   Wilson_lower Wilson_upper
 0.0679 0.2414       0.4986      
 0.0698 0.2938       0.5577      
 0.0707 0.3480       0.6149      
 0.0707 0.3664       0.6336      
 0.0679 0.5014       0.7586      
 0.0679 0.5014       0.7586      
 0.0660 0.5419       0.7924      
 0.0620 0.6045       0.8413      
 0.0620 0.6045       0.8413      
 0.0604 0.6259       0.8570      
 0.0566 0.6696       0.8876      
 0.0566 0.6696       0.8876      
 0.0543 0.6920       0.9023      
 0.0543 0.6920       0.9023      
 0.0543 0.6920       0.9023      
 0.0543 0.6920       0.9023      
 0.0543 0.6920       0.9023      
 0.0518 0.7149       0.9166      
 0.0518 0.7149       0.9166      
 0.0518 0.7149       0.9166      
 0.0518 0.7149       0.9166      
 0.0518 0.7149       0.9166      
 0.0491 0.7381       0.9305      
 0.0491 0.7381       0.9305      
 0.0460 0.7620       0.9438      
 0.0460 0.7620       0.9438      
 0.0460 0.7620       0.9438      
 0.0460 0.7620       0.9438      
 0.0460 0.7620       0.9438      
 0.0460 0.7620       0.9438      
 0.0460 0.7620       0.9438      
 0.0460 0.7620       0.9438      
 0.0460 0.7620       0.9438      
 0.0460 0.7620       0.9438      
 0.0460 0.7620       0.9438      

3. KAPPA=1 COVERAGE TABLE (AUTHORS' ORIGINAL DGP)
 n         tau    kappa  estimator  coverage rejection_count rejection_rate
 500.0000  0.1000 1.0000 Oracle-GMM 0.8200   9.0000          0.1800        
 500.0000  0.1000 1.0000 Full-GMM   0.4800   26.0000         0.5200        
 500.0000  0.1000 1.0000 DML-IVQR   0.9600   2.0000          0.0400        
 500.0000  0.2500 1.0000 Oracle-GMM 0.8000   10.0000         0.2000        
 500.0000  0.2500 1.0000 Full-GMM   0.8200   9.0000          0.1800        
 500.0000  0.2500 1.0000 DML-IVQR   0.9400   3.0000          0.0600        
 500.0000  0.5000 1.0000 Oracle-GMM 0.8800   6.0000          0.1200        
 500.0000  0.5000 1.0000 Full-GMM   0.9400   3.0000          0.0600        
 500.0000  0.5000 1.0000 DML-IVQR   0.9400   3.0000          0.0600        
 500.0000  0.7500 1.0000 Oracle-GMM 0.9200   4.0000          0.0800        
 500.0000  0.7500 1.0000 Full-GMM   0.8400   8.0000          0.1600        
 500.0000  0.7500 1.0000 DML-IVQR   0.7400   13.0000         0.2600        
 500.0000  0.9000 1.0000 Oracle-GMM 0.9400   3.0000          0.0600        
 500.0000  0.9000 1.0000 Full-GMM   0.4200   29.0000         0.5800        
 500.0000  0.9000 1.0000 DML-IVQR   0.6400   18.0000         0.3600        
 1000.0000 0.1000 1.0000 Oracle-GMM 0.7600   12.0000         0.2400        
 1000.0000 0.1000 1.0000 Full-GMM   0.3600   32.0000         0.6400        
 1000.0000 0.1000 1.0000 DML-IVQR   0.9600   2.0000          0.0400        
 1000.0000 0.2500 1.0000 Oracle-GMM 0.9000   5.0000          0.1000        
 1000.0000 0.2500 1.0000 Full-GMM   0.7400   13.0000         0.2600        
 1000.0000 0.2500 1.0000 DML-IVQR   0.9000   5.0000          0.1000        
 1000.0000 0.5000 1.0000 Oracle-GMM 0.8800   6.0000          0.1200        
 1000.0000 0.5000 1.0000 Full-GMM   0.8400   8.0000          0.1600        
 1000.0000 0.5000 1.0000 DML-IVQR   0.8400   8.0000          0.1600        
 1000.0000 0.7500 1.0000 Oracle-GMM 0.9200   4.0000          0.0800        
 1000.0000 0.7500 1.0000 Full-GMM   0.8000   10.0000         0.2000        
 1000.0000 0.7500 1.0000 DML-IVQR   0.6800   16.0000         0.3200        
 1000.0000 0.9000 1.0000 Oracle-GMM 0.9200   4.0000          0.0800        
 1000.0000 0.9000 1.0000 Full-GMM   0.6400   18.0000         0.3600        
 1000.0000 0.9000 1.0000 DML-IVQR   0.5000   25.0000         0.5000        
 MCSE   Wilson_lower Wilson_upper
 0.0543 0.6920       0.9023      
 0.0707 0.3480       0.6149      
 0.0277 0.8654       0.9890      
 0.0566 0.6696       0.8876      
 0.0543 0.6920       0.9023      
 0.0336 0.8378       0.9794      
 0.0460 0.7620       0.9438      
 0.0336 0.8378       0.9794      
 0.0336 0.8378       0.9794      
 0.0384 0.8116       0.9685      
 0.0518 0.7149       0.9166      
 0.0620 0.6045       0.8413      
 0.0336 0.8378       0.9794      
 0.0698 0.2938       0.5577      
 0.0679 0.5014       0.7586      
 0.0604 0.6259       0.8570      
 0.0679 0.2414       0.4986      
 0.0277 0.8654       0.9890      
 0.0424 0.7864       0.9565      
 0.0620 0.6045       0.8413      
 0.0424 0.7864       0.9565      
 0.0460 0.7620       0.9438      
 0.0518 0.7149       0.9166      
 0.0518 0.7149       0.9166      
 0.0384 0.8116       0.9685      
 0.0566 0.6696       0.8876      
 0.0660 0.5419       0.7924      
 0.0384 0.8116       0.9685      
 0.0679 0.5014       0.7586      
 0.0707 0.3664       0.6336      

Kappa=1 location check:
Extreme tau cells below .90: 8
Central tau cells below .90: 11
 n         tau    kappa  estimator  coverage
 500.0000  0.2500 1.0000 Oracle-GMM 0.8000  
 500.0000  0.2500 1.0000 Full-GMM   0.8200  
 500.0000  0.5000 1.0000 Oracle-GMM 0.8800  
 500.0000  0.7500 1.0000 Full-GMM   0.8400  
 500.0000  0.7500 1.0000 DML-IVQR   0.7400  
 1000.0000 0.2500 1.0000 Full-GMM   0.7400  
 1000.0000 0.5000 1.0000 Oracle-GMM 0.8800  
 1000.0000 0.5000 1.0000 Full-GMM   0.8400  
 1000.0000 0.5000 1.0000 DML-IVQR   0.8400  
 1000.0000 0.7500 1.0000 Full-GMM   0.8000  
 1000.0000 0.7500 1.0000 DML-IVQR   0.6800  

4. W_TRUE CHI-SQUARE DIAGNOSTIC FOR COVERAGE < .90 CELLS
 n         tau    kappa  estimator  coverage q50     q90     q95     q99    
 1000.0000 0.1000 1.0000 Full-GMM   0.3600   10.1875 19.6018 21.5541 27.8968
 500.0000  0.9000 1.0000 Full-GMM   0.4200   6.4439  15.5704 16.2752 23.8570
 500.0000  0.1000 1.0000 Full-GMM   0.4800   6.8772  15.9947 18.3802 20.8426
 1000.0000 0.9000 1.0000 DML-IVQR   0.5000   5.9963  12.6479 14.2430 20.4858
 1000.0000 0.9000 1.0000 Full-GMM   0.6400   4.3850  15.4838 18.7795 21.0280
 500.0000  0.9000 1.0000 DML-IVQR   0.6400   4.4173  9.3037  15.0071 18.7218
 1000.0000 0.7500 1.0000 DML-IVQR   0.6800   4.3230  13.2088 15.9284 23.5481
 1000.0000 0.2500 1.0000 Full-GMM   0.7400   3.8788  12.9274 15.6865 20.4667
 500.0000  0.7500 1.0000 DML-IVQR   0.7400   3.0526  8.5893  9.5119  11.9501
 1000.0000 0.1000 1.0000 Oracle-GMM 0.7600   3.1429  7.5964  9.8238  11.1866
 1000.0000 0.7500 1.0000 Full-GMM   0.8000   2.8563  9.6061  11.2722 20.1380
 500.0000  0.2500 1.0000 Oracle-GMM 0.8000   1.9761  9.1819  12.7259 15.8291
 500.0000  0.2500 1.0000 Full-GMM   0.8200   2.9755  10.2853 10.8322 13.6565
 500.0000  0.1000 1.0000 Oracle-GMM 0.8200   2.6438  7.4135  8.0927  14.7533
 1000.0000 0.7500 0.5000 DML-IVQR   0.8200   1.6125  6.9621  11.7773 17.0058
 1000.0000 0.9000 0.5000 Full-GMM   0.8200   2.1632  8.0753  8.6074  11.3899
 500.0000  0.9000 0.2500 Full-GMM   0.8200   1.9380  8.4395  8.7012  8.8548 
 1000.0000 0.1000 0.5000 Full-GMM   0.8400   2.5376  8.1266  9.4667  11.8989
 1000.0000 0.5000 1.0000 DML-IVQR   0.8400   2.5277  7.1478  8.6248  12.5301
 500.0000  0.7500 1.0000 Full-GMM   0.8400   2.3447  7.5288  8.9950  10.1103
 1000.0000 0.5000 1.0000 Full-GMM   0.8400   1.8632  6.6209  8.4780  12.3950
 500.0000  0.1000 0.5000 Oracle-GMM 0.8400   1.6629  6.6161  7.1069  9.3060 
 1000.0000 0.7500 0.2500 Oracle-GMM 0.8600   1.3551  6.4488  7.9016  10.1159
 1000.0000 0.5000 0.1000 Oracle-GMM 0.8600   1.2949  6.4082  7.2695  8.6633 
 1000.0000 0.9000 0.5000 DML-IVQR   0.8800   2.4770  6.9613  9.0010  12.0108
 500.0000  0.2500 0.5000 Full-GMM   0.8800   2.3660  6.2738  9.8797  12.8246
 500.0000  0.1000 0.5000 Full-GMM   0.8800   2.1052  6.1475  7.8391  10.4895
 500.0000  0.5000 1.0000 Oracle-GMM 0.8800   2.3749  6.1619  7.9065  12.0935
 1000.0000 0.7500 0.2500 DML-IVQR   0.8800   1.5987  7.0555  8.9570  10.3905
 1000.0000 0.5000 0.5000 Oracle-GMM 0.8800   1.4220  6.1876  6.5822  11.3174
 1000.0000 0.7500 0.1000 Oracle-GMM 0.8800   1.9678  6.1154  7.7701  8.9052 
 1000.0000 0.5000 1.0000 Oracle-GMM 0.8800   1.5707  6.1288  8.0232  9.5433 
 1000.0000 0.5000 0.5000 DML-IVQR   0.8800   1.6935  7.1155  8.6571  9.6410 
 1000.0000 0.1000 0.1000 Full-GMM   0.8800   1.1518  6.1850  7.2331  9.8144 
 500.0000  0.2500 0.1000 Oracle-GMM 0.8800   1.4378  6.0426  6.8703  9.3176 
 mean    maximum q90_chisq2 q95_chisq2 q99_chisq2
 10.3309 33.0847 4.6052     5.9915     9.2103    
 7.5799  25.0007 4.6052     5.9915     9.2103    
 7.9147  21.8241 4.6052     5.9915     9.2103    
 6.6761  21.0454 4.6052     5.9915     9.2103    
 6.2771  21.2762 4.6052     5.9915     9.2103    
 5.4514  18.9660 4.6052     5.9915     9.2103    
 5.7036  29.9303 4.6052     5.9915     9.2103    
 4.9102  22.2050 4.6052     5.9915     9.2103    
 4.1188  12.5653 4.6052     5.9915     9.2103    
 3.7708  11.5161 4.6052     5.9915     9.2103    
 4.0170  23.9947 4.6052     5.9915     9.2103    
 3.5693  18.2817 4.6052     5.9915     9.2103    
 3.8620  15.8392 4.6052     5.9915     9.2103    
 3.3587  15.5432 4.6052     5.9915     9.2103    
 3.2705  21.0781 4.6052     5.9915     9.2103    
 3.2265  13.6539 4.6052     5.9915     9.2103    
 2.9271  8.8665  4.6052     5.9915     9.2103    
 3.3995  13.4101 4.6052     5.9915     9.2103    
 3.2951  12.9221 4.6052     5.9915     9.2103    
 3.1935  10.3390 4.6052     5.9915     9.2103    
 2.8251  14.0255 4.6052     5.9915     9.2103    
 2.7202  10.2573 4.6052     5.9915     9.2103    
 2.5388  12.1094 4.6052     5.9915     9.2103    
 2.1504  9.4008  4.6052     5.9915     9.2103    
 3.3473  13.1113 4.6052     5.9915     9.2103    
 3.2054  13.0725 4.6052     5.9915     9.2103    
 2.9394  10.8578 4.6052     5.9915     9.2103    
 2.8331  13.0805 4.6052     5.9915     9.2103    
 2.4533  10.8832 4.6052     5.9915     9.2103    
 2.4396  11.6354 4.6052     5.9915     9.2103    
 2.4243  8.9927  4.6052     5.9915     9.2103    
 2.4216  10.2814 4.6052     5.9915     9.2103    
 2.3523  10.3782 4.6052     5.9915     9.2103    
 2.2895  10.8162 4.6052     5.9915     9.2103    
 2.2514  10.9152 4.6052     5.9915     9.2103    

5. COVERAGE AGGREGATES (MEAN CELL COVERAGE)
 aggregation       n         tau    kappa  estimator  coverage
 estimator x kappa                  0.1000 DML-IVQR   0.9400  
 estimator x kappa                  0.1000 Full-GMM   0.9460  
 estimator x kappa                  0.1000 Oracle-GMM 0.9180  
 estimator x kappa                  0.2500 DML-IVQR   0.9280  
 estimator x kappa                  0.2500 Full-GMM   0.9240  
 estimator x kappa                  0.2500 Oracle-GMM 0.9300  
 estimator x kappa                  0.5000 DML-IVQR   0.9160  
 estimator x kappa                  0.5000 Full-GMM   0.8980  
 estimator x kappa                  0.5000 Oracle-GMM 0.9100  
 estimator x kappa                  1.0000 DML-IVQR   0.8100  
 estimator x kappa                  1.0000 Full-GMM   0.6880  
 estimator x kappa                  1.0000 Oracle-GMM 0.8740  
 estimator x tau             0.1000        DML-IVQR   0.9300  
 estimator x tau             0.1000        Full-GMM   0.7850  
 estimator x tau             0.1000        Oracle-GMM 0.8800  
 estimator x tau             0.2500        DML-IVQR   0.9375  
 estimator x tau             0.2500        Full-GMM   0.9000  
 estimator x tau             0.2500        Oracle-GMM 0.9025  
 estimator x tau             0.5000        DML-IVQR   0.9075  
 estimator x tau             0.5000        Full-GMM   0.9225  
 estimator x tau             0.5000        Oracle-GMM 0.8925  
 estimator x tau             0.7500        DML-IVQR   0.8775  
 estimator x tau             0.7500        Full-GMM   0.9050  
 estimator x tau             0.7500        Oracle-GMM 0.9275  
 estimator x tau             0.9000        DML-IVQR   0.8400  
 estimator x tau             0.9000        Full-GMM   0.8075  
 estimator x tau             0.9000        Oracle-GMM 0.9375  
 estimator x n     500.0000                DML-IVQR   0.9190  
 estimator x n     500.0000                Full-GMM   0.8700  
 estimator x n     500.0000                Oracle-GMM 0.9160  
 estimator x n     1000.0000               DML-IVQR   0.8780  
 estimator x n     1000.0000               Full-GMM   0.8580  
 estimator x n     1000.0000               Oracle-GMM 0.9000  

Individual cells remain available in sections 1 and 8; aggregates are descriptive only.

6. KAPPA=1 DML-IVQR POINT PERFORMANCE VS AUTHORS' TABLE 3 BC
Paper bias is alpha_true - mean(alpha_hat); both pilot signs are shown and comparison uses that paper sign.
No gross factor-of-two or order-of-magnitude RMSE/MAE discrepancy is present. Pilot-to-paper ratios range from 0.900 to 1.295; the largest proportional difference is the n=1000, tau=.50 MAE ratio of 1.295, which remains notable but must be read in light of R=50 versus R=500.
 n         tau    kappa  estimator pilot_RMSE authors_RMSE RMSE_difference
 500.0000  0.2500 1.0000 DML-IVQR  0.1544     0.1716       -0.0172        
 500.0000  0.5000 1.0000 DML-IVQR  0.1233     0.1273       -0.0040        
 500.0000  0.7500 1.0000 DML-IVQR  0.1925     0.1572       0.0353         
 1000.0000 0.2500 1.0000 DML-IVQR  0.1023     0.0849       0.0174         
 1000.0000 0.5000 1.0000 DML-IVQR  0.1000     0.0800       0.0200         
 1000.0000 0.7500 1.0000 DML-IVQR  0.1313     0.1142       0.0171         
 RMSE_ratio pilot_MAE authors_MAE MAE_difference MAE_ratio
 0.8998     0.1231    0.1325      -0.0094        0.9288   
 0.9685     0.0880    0.0962      -0.0082        0.9148   
 1.2247     0.1606    0.1272      0.0334         1.2627   
 1.2048     0.0813    0.0683      0.0130         1.1898   
 1.2500     0.0720    0.0556      0.0164         1.2950   
 1.1494     0.1037    0.0961      0.0076         1.0792   
 pilot_bias_estimate_minus_truth pilot_bias_truth_minus_estimate
 -0.0175                         0.0175                         
 -0.0520                         0.0520                         
 -0.1545                         0.1545                         
 -0.0375                         0.0375                         
 -0.0560                         0.0560                         
 -0.0925                         0.0925                         
 authors_bias_truth_minus_estimate harmonized_bias_difference
 -0.0716                           0.0891                    
 0.0270                            0.0250                    
 0.0876                            0.0669                    
 0.0056                            0.0319                    
 0.0384                            0.0176                    
 0.0839                            0.0086                    

Existing-output-only analogous Oracle-GMM / Full-GMM comparison to authors' Table 2:
 n         tau    kappa  estimator  pilot_RMSE authors_RMSE RMSE_difference
 500.0000  0.1000 1.0000 Oracle-GMM 0.2376     0.1888       0.0487         
 500.0000  0.1000 1.0000 Full-GMM   0.8282     0.7648       0.0633         
 500.0000  0.2500 1.0000 Oracle-GMM 0.1252     0.1211       0.0042         
 500.0000  0.2500 1.0000 Full-GMM   0.3395     0.2712       0.0683         
 500.0000  0.5000 1.0000 Oracle-GMM 0.1077     0.0990       0.0087         
 500.0000  0.5000 1.0000 Full-GMM   0.1744     0.1628       0.0116         
 500.0000  0.7500 1.0000 Oracle-GMM 0.1126     0.1374       -0.0248        
 500.0000  0.7500 1.0000 Full-GMM   0.3401     0.3422       -0.0021        
 500.0000  0.9000 1.0000 Oracle-GMM 0.2422     0.2438       -0.0016        
 500.0000  0.9000 1.0000 Full-GMM   0.9353     0.9449       -0.0096        
 1000.0000 0.1000 1.0000 Oracle-GMM 0.1306     0.1219       0.0087         
 1000.0000 0.1000 1.0000 Full-GMM   0.4016     0.3918       0.0098         
 1000.0000 0.2500 1.0000 Oracle-GMM 0.0693     0.0812       -0.0120        
 1000.0000 0.2500 1.0000 Full-GMM   0.1892     0.1646       0.0246         
 1000.0000 0.5000 1.0000 Oracle-GMM 0.0583     0.0690       -0.0107        
 1000.0000 0.5000 1.0000 Full-GMM   0.1039     0.1038       0.0001         
 1000.0000 0.7500 1.0000 Oracle-GMM 0.0965     0.0828       0.0137         
 1000.0000 0.7500 1.0000 Full-GMM   0.2119     0.1747       0.0371         
 1000.0000 0.9000 1.0000 Oracle-GMM 0.1661     0.1391       0.0270         
 1000.0000 0.9000 1.0000 Full-GMM   0.4857     0.4320       0.0536         
 RMSE_ratio pilot_MAE authors_MAE MAE_difference MAE_ratio
 1.2580     0.1783    0.1510      0.0273         1.1806   
 1.0828     0.6858    0.6646      0.0212         1.0319   
 1.0344     0.1029    0.0967      0.0063         1.0648   
 1.2517     0.2827    0.2213      0.0614         1.2774   
 1.0880     0.0800    0.0716      0.0084         1.1173   
 1.0711     0.1320    0.1234      0.0086         1.0697   
 0.8194     0.0939    0.1066      -0.0127        0.8810   
 0.9939     0.2836    0.2806      0.0030         1.0106   
 0.9935     0.1954    0.1839      0.0114         1.0621   
 0.9899     0.7703    0.8032      -0.0329        0.9590   
 1.0710     0.1104    0.0950      0.0154         1.1616   
 1.0250     0.3643    0.3442      0.0201         1.0583   
 0.8527     0.0590    0.0654      -0.0064        0.9017   
 1.1492     0.1537    0.1361      0.0176         1.1290   
 0.8452     0.0340    0.0436      -0.0096        0.7798   
 1.0009     0.0800    0.0754      0.0046         1.0610   
 1.1648     0.0651    0.0676      -0.0025        0.9632   
 1.2125     0.1538    0.1452      0.0086         1.0590   
 1.1941     0.1170    0.1067      0.0103         1.0969   
 1.1242     0.4240    0.3682      0.0558         1.1515   
 pilot_bias_estimate_minus_truth pilot_bias_truth_minus_estimate
 0.1036                          -0.1036                        
 0.6716                          -0.6716                        
 0.0365                          -0.0365                        
 0.2485                          -0.2485                        
 0.0080                          -0.0080                        
 0.0240                          -0.0240                        
 -0.0405                         0.0405                         
 -0.2645                         0.2645                         
 -0.1516                         0.1516                         
 -0.7696                         0.7696                         
 0.0816                          -0.0816                        
 0.3636                          -0.3636                        
 0.0265                          -0.0265                        
 0.1365                          -0.1365                        
 0.0140                          -0.0140                        
 0.0320                          -0.0320                        
 -0.0125                         0.0125                         
 -0.1345                         0.1345                         
 -0.0776                         0.0776                         
 -0.4116                         0.4116                         
 authors_bias_truth_minus_estimate harmonized_bias_difference
 -0.0894                           -0.0142                   
 -0.6534                           -0.0182                   
 -0.0335                           -0.0030                   
 -0.1877                           -0.0608                   
 0.0092                            -0.0172                   
 0.0190                            -0.0430                   
 0.0553                            -0.0148                   
 0.2503                            0.0142                    
 0.1226                            0.0290                    
 0.7892                            -0.0196                   
 -0.0552                           -0.0264                   
 -0.3304                           -0.0332                   
 -0.0257                           -0.0008                   
 -0.1135                           -0.0230                   
 -0.0020                           -0.0120                   
 -0.0002                           -0.0318                   
 0.0213                            -0.0088                   
 0.1175                            0.0170                    
 0.0668                            0.0108                    
 0.3496                            0.0620                    

7. CR-GRID VERSUS EXACT-COVERAGE CHECK
Total all CR-grid points accepted but exact truth rejected: 1
Total no CR-grid point accepted but exact truth covered: 0
Total grid accepted-set measure=4 but exact truth rejected: 1
Nonzero cells:
 n        tau    kappa  estimator  all_grid_accepted_but_not_covered
 500.0000 0.1000 0.1000 Oracle-GMM 1.0000                           
 no_grid_point_accepted_but_covered grid_measure_four_but_not_covered
 0.0000                             1.0000                           

tau=.50 all CR-grid points accepted => covered failures: 0
tau=.50 alpha_true exactly equals 1 in every row: TRUE
All checkpoint exact-truth mappings validated: TRUE
tau=.50 W_true is the same de-duplicated union-profile value used at CR-grid alpha=1: TRUE
The checkpoint stores the resulting row, not a second duplicate W(1); equality follows mechanically from the exact hexadecimal-key de-duplication and validated index mapping.

8. COVERAGE ACROSS KAPPA WITHIN n x tau x estimator
 n         tau    kappa  estimator  coverage rejection_rate MCSE  
 500.0000  0.1000 1.0000 Oracle-GMM 0.8200   0.1800         0.0543
 500.0000  0.1000 0.5000 Oracle-GMM 0.8400   0.1600         0.0518
 500.0000  0.1000 0.2500 Oracle-GMM 0.9400   0.0600         0.0336
 500.0000  0.1000 0.1000 Oracle-GMM 0.9000   0.1000         0.0424
 500.0000  0.1000 1.0000 Full-GMM   0.4800   0.5200         0.0707
 500.0000  0.1000 0.5000 Full-GMM   0.8800   0.1200         0.0460
 500.0000  0.1000 0.2500 Full-GMM   0.9400   0.0600         0.0336
 500.0000  0.1000 0.1000 Full-GMM   0.9800   0.0200         0.0198
 500.0000  0.1000 1.0000 DML-IVQR   0.9600   0.0400         0.0277
 500.0000  0.1000 0.5000 DML-IVQR   0.9400   0.0600         0.0336
 500.0000  0.1000 0.2500 DML-IVQR   0.9200   0.0800         0.0384
 500.0000  0.1000 0.1000 DML-IVQR   0.9200   0.0800         0.0384
 500.0000  0.2500 1.0000 Oracle-GMM 0.8000   0.2000         0.0566
 500.0000  0.2500 0.5000 Oracle-GMM 0.9200   0.0800         0.0384
 500.0000  0.2500 0.2500 Oracle-GMM 0.9000   0.1000         0.0424
 500.0000  0.2500 0.1000 Oracle-GMM 0.8800   0.1200         0.0460
 500.0000  0.2500 1.0000 Full-GMM   0.8200   0.1800         0.0543
 500.0000  0.2500 0.5000 Full-GMM   0.8800   0.1200         0.0460
 500.0000  0.2500 0.2500 Full-GMM   0.9600   0.0400         0.0277
 500.0000  0.2500 0.1000 Full-GMM   0.9400   0.0600         0.0336
 500.0000  0.2500 1.0000 DML-IVQR   0.9400   0.0600         0.0336
 500.0000  0.2500 0.5000 DML-IVQR   0.9200   0.0800         0.0384
 500.0000  0.2500 0.2500 DML-IVQR   0.9200   0.0800         0.0384
 500.0000  0.2500 0.1000 DML-IVQR   0.9200   0.0800         0.0384
 500.0000  0.5000 1.0000 Oracle-GMM 0.8800   0.1200         0.0460
 500.0000  0.5000 0.5000 Oracle-GMM 0.9000   0.1000         0.0424
 500.0000  0.5000 0.2500 Oracle-GMM 0.9200   0.0800         0.0384
 500.0000  0.5000 0.1000 Oracle-GMM 0.9000   0.1000         0.0424
 500.0000  0.5000 1.0000 Full-GMM   0.9400   0.0600         0.0336
 500.0000  0.5000 0.5000 Full-GMM   0.9200   0.0800         0.0384
 500.0000  0.5000 0.2500 Full-GMM   0.9200   0.0800         0.0384
 500.0000  0.5000 0.1000 Full-GMM   0.9600   0.0400         0.0277
 500.0000  0.5000 1.0000 DML-IVQR   0.9400   0.0600         0.0336
 500.0000  0.5000 0.5000 DML-IVQR   0.9000   0.1000         0.0424
 500.0000  0.5000 0.2500 DML-IVQR   0.9400   0.0600         0.0336
 500.0000  0.5000 0.1000 DML-IVQR   0.9400   0.0600         0.0336
 500.0000  0.7500 1.0000 Oracle-GMM 0.9200   0.0800         0.0384
 500.0000  0.7500 0.5000 Oracle-GMM 0.9800   0.0200         0.0198
 500.0000  0.7500 0.2500 Oracle-GMM 0.9800   0.0200         0.0198
 500.0000  0.7500 0.1000 Oracle-GMM 0.9800   0.0200         0.0198
 500.0000  0.7500 1.0000 Full-GMM   0.8400   0.1600         0.0518
 500.0000  0.7500 0.5000 Full-GMM   0.9000   0.1000         0.0424
 500.0000  0.7500 0.2500 Full-GMM   0.9200   0.0800         0.0384
 500.0000  0.7500 0.1000 Full-GMM   0.9800   0.0200         0.0198
 500.0000  0.7500 1.0000 DML-IVQR   0.7400   0.2600         0.0620
 500.0000  0.7500 0.5000 DML-IVQR   1.0000   0.0000         0.0000
 500.0000  0.7500 0.2500 DML-IVQR   1.0000   0.0000         0.0000
 500.0000  0.7500 0.1000 DML-IVQR   1.0000   0.0000         0.0000
 500.0000  0.9000 1.0000 Oracle-GMM 0.9400   0.0600         0.0336
 500.0000  0.9000 0.5000 Oracle-GMM 0.9600   0.0400         0.0277
 500.0000  0.9000 0.2500 Oracle-GMM 0.9800   0.0200         0.0198
 500.0000  0.9000 0.1000 Oracle-GMM 0.9800   0.0200         0.0198
 500.0000  0.9000 1.0000 Full-GMM   0.4200   0.5800         0.0698
 500.0000  0.9000 0.5000 Full-GMM   0.9400   0.0600         0.0336
 500.0000  0.9000 0.2500 Full-GMM   0.8200   0.1800         0.0543
 500.0000  0.9000 0.1000 Full-GMM   0.9600   0.0400         0.0277
 500.0000  0.9000 1.0000 DML-IVQR   0.6400   0.3600         0.0679
 500.0000  0.9000 0.5000 DML-IVQR   0.9400   0.0600         0.0336
 500.0000  0.9000 0.2500 DML-IVQR   0.9400   0.0600         0.0336
 500.0000  0.9000 0.1000 DML-IVQR   0.9600   0.0400         0.0277
 1000.0000 0.1000 1.0000 Oracle-GMM 0.7600   0.2400         0.0604
 1000.0000 0.1000 0.5000 Oracle-GMM 0.9200   0.0800         0.0384
 1000.0000 0.1000 0.2500 Oracle-GMM 0.9400   0.0600         0.0336
 1000.0000 0.1000 0.1000 Oracle-GMM 0.9200   0.0800         0.0384
 1000.0000 0.1000 1.0000 Full-GMM   0.3600   0.6400         0.0679
 1000.0000 0.1000 0.5000 Full-GMM   0.8400   0.1600         0.0518
 1000.0000 0.1000 0.2500 Full-GMM   0.9200   0.0800         0.0384
 1000.0000 0.1000 0.1000 Full-GMM   0.8800   0.1200         0.0460
 1000.0000 0.1000 1.0000 DML-IVQR   0.9600   0.0400         0.0277
 1000.0000 0.1000 0.5000 DML-IVQR   0.9200   0.0800         0.0384
 1000.0000 0.1000 0.2500 DML-IVQR   0.9000   0.1000         0.0424
 1000.0000 0.1000 0.1000 DML-IVQR   0.9200   0.0800         0.0384
 1000.0000 0.2500 1.0000 Oracle-GMM 0.9000   0.1000         0.0424
 1000.0000 0.2500 0.5000 Oracle-GMM 0.9000   0.1000         0.0424
 1000.0000 0.2500 0.2500 Oracle-GMM 0.9600   0.0400         0.0277
 1000.0000 0.2500 0.1000 Oracle-GMM 0.9600   0.0400         0.0277
 1000.0000 0.2500 1.0000 Full-GMM   0.7400   0.2600         0.0620
 1000.0000 0.2500 0.5000 Full-GMM   0.9400   0.0600         0.0336
 1000.0000 0.2500 0.2500 Full-GMM   0.9400   0.0600         0.0336
 1000.0000 0.2500 0.1000 Full-GMM   0.9800   0.0200         0.0198
 1000.0000 0.2500 1.0000 DML-IVQR   0.9000   0.1000         0.0424
 1000.0000 0.2500 0.5000 DML-IVQR   0.9600   0.0400         0.0277
 1000.0000 0.2500 0.2500 DML-IVQR   0.9600   0.0400         0.0277
 1000.0000 0.2500 0.1000 DML-IVQR   0.9800   0.0200         0.0198
 1000.0000 0.5000 1.0000 Oracle-GMM 0.8800   0.1200         0.0460
 1000.0000 0.5000 0.5000 Oracle-GMM 0.8800   0.1200         0.0460
 1000.0000 0.5000 0.2500 Oracle-GMM 0.9200   0.0800         0.0384
 1000.0000 0.5000 0.1000 Oracle-GMM 0.8600   0.1400         0.0491
 1000.0000 0.5000 1.0000 Full-GMM   0.8400   0.1600         0.0518
 1000.0000 0.5000 0.5000 Full-GMM   0.9400   0.0600         0.0336
 1000.0000 0.5000 0.2500 Full-GMM   0.9200   0.0800         0.0384
 1000.0000 0.5000 0.1000 Full-GMM   0.9400   0.0600         0.0336
 1000.0000 0.5000 1.0000 DML-IVQR   0.8400   0.1600         0.0518
 1000.0000 0.5000 0.5000 DML-IVQR   0.8800   0.1200         0.0460
 1000.0000 0.5000 0.2500 DML-IVQR   0.9000   0.1000         0.0424
 1000.0000 0.5000 0.1000 DML-IVQR   0.9200   0.0800         0.0384
 1000.0000 0.7500 1.0000 Oracle-GMM 0.9200   0.0800         0.0384
 1000.0000 0.7500 0.5000 Oracle-GMM 0.9000   0.1000         0.0424
 1000.0000 0.7500 0.2500 Oracle-GMM 0.8600   0.1400         0.0491
 1000.0000 0.7500 0.1000 Oracle-GMM 0.8800   0.1200         0.0460
 1000.0000 0.7500 1.0000 Full-GMM   0.8000   0.2000         0.0566
 1000.0000 0.7500 0.5000 Full-GMM   0.9200   0.0800         0.0384
 1000.0000 0.7500 0.2500 Full-GMM   0.9600   0.0400         0.0277
 1000.0000 0.7500 0.1000 Full-GMM   0.9200   0.0800         0.0384
 1000.0000 0.7500 1.0000 DML-IVQR   0.6800   0.3200         0.0660
 1000.0000 0.7500 0.5000 DML-IVQR   0.8200   0.1800         0.0543
 1000.0000 0.7500 0.2500 DML-IVQR   0.8800   0.1200         0.0460
 1000.0000 0.7500 0.1000 DML-IVQR   0.9000   0.1000         0.0424
 1000.0000 0.9000 1.0000 Oracle-GMM 0.9200   0.0800         0.0384
 1000.0000 0.9000 0.5000 Oracle-GMM 0.9000   0.1000         0.0424
 1000.0000 0.9000 0.2500 Oracle-GMM 0.9000   0.1000         0.0424
 1000.0000 0.9000 0.1000 Oracle-GMM 0.9200   0.0800         0.0384
 1000.0000 0.9000 1.0000 Full-GMM   0.6400   0.3600         0.0679
 1000.0000 0.9000 0.5000 Full-GMM   0.8200   0.1800         0.0543
 1000.0000 0.9000 0.2500 Full-GMM   0.9400   0.0600         0.0336
 1000.0000 0.9000 0.1000 Full-GMM   0.9200   0.0800         0.0384
 1000.0000 0.9000 1.0000 DML-IVQR   0.5000   0.5000         0.0707
 1000.0000 0.9000 0.5000 DML-IVQR   0.8800   0.1200         0.0460
 1000.0000 0.9000 0.2500 DML-IVQR   0.9200   0.0800         0.0384
 1000.0000 0.9000 0.1000 DML-IVQR   0.9400   0.0600         0.0336

Mean cell coverage by estimator x kappa:
 estimator  kappa  coverage
 Oracle-GMM 1.0000 0.8740  
 Oracle-GMM 0.5000 0.9100  
 Oracle-GMM 0.2500 0.9300  
 Oracle-GMM 0.1000 0.9180  
 Full-GMM   1.0000 0.6880  
 Full-GMM   0.5000 0.8980  
 Full-GMM   0.2500 0.9240  
 Full-GMM   0.1000 0.9460  
 DML-IVQR   1.0000 0.8100  
 DML-IVQR   0.5000 0.9160  
 DML-IVQR   0.2500 0.9280  
 DML-IVQR   0.1000 0.9400  

9. POWER VERSUS SIZE
False-alternative cells with power below null rejection rate: 93 of 480
 n         tau    kappa  estimator  delta   power  null_rejection_rate
 500.0000  0.1000 1.0000 Full-GMM   0.2500  0.1600 0.5200             
 500.0000  0.1000 1.0000 Full-GMM   0.5000  0.1200 0.5200             
 500.0000  0.1000 1.0000 DML-IVQR   0.2500  0.0000 0.0400             
 500.0000  0.1000 1.0000 DML-IVQR   0.5000  0.0200 0.0400             
 500.0000  0.1000 0.5000 Oracle-GMM 0.2500  0.0800 0.1600             
 500.0000  0.1000 0.5000 Oracle-GMM 0.5000  0.1400 0.1600             
 500.0000  0.1000 0.5000 Full-GMM   0.2500  0.0400 0.1200             
 500.0000  0.1000 0.5000 Full-GMM   0.5000  0.0400 0.1200             
 500.0000  0.1000 0.5000 DML-IVQR   0.2500  0.0400 0.0600             
 500.0000  0.1000 0.5000 DML-IVQR   0.5000  0.0200 0.0600             
 500.0000  0.1000 0.2500 Oracle-GMM 0.2500  0.0400 0.0600             
 500.0000  0.1000 0.2500 Full-GMM   -0.2500 0.0400 0.0600             
 500.0000  0.1000 0.2500 Full-GMM   0.2500  0.0400 0.0600             
 500.0000  0.1000 0.2500 Full-GMM   0.5000  0.0200 0.0600             
 500.0000  0.1000 0.2500 DML-IVQR   0.2500  0.0400 0.0800             
 500.0000  0.1000 0.2500 DML-IVQR   0.5000  0.0400 0.0800             
 500.0000  0.1000 0.1000 Oracle-GMM -0.5000 0.0600 0.1000             
 500.0000  0.1000 0.1000 Oracle-GMM -0.2500 0.0800 0.1000             
 500.0000  0.1000 0.1000 Oracle-GMM 0.2500  0.0800 0.1000             
 500.0000  0.1000 0.1000 Oracle-GMM 0.5000  0.0800 0.1000             
 500.0000  0.1000 0.1000 DML-IVQR   0.5000  0.0600 0.0800             
 500.0000  0.2500 1.0000 Full-GMM   0.2500  0.1200 0.1800             
 500.0000  0.2500 0.5000 Full-GMM   0.2500  0.0800 0.1200             
 500.0000  0.2500 0.1000 Oracle-GMM 0.2500  0.1000 0.1200             
 500.0000  0.2500 0.1000 Oracle-GMM 0.5000  0.0800 0.1200             
 500.0000  0.2500 0.1000 Full-GMM   0.5000  0.0400 0.0600             
 500.0000  0.2500 0.1000 DML-IVQR   0.2500  0.0400 0.0800             
 500.0000  0.5000 0.2500 Full-GMM   -0.5000 0.0600 0.0800             
 500.0000  0.5000 0.2500 Full-GMM   -0.2500 0.0600 0.0800             
 500.0000  0.5000 0.2500 Full-GMM   0.2500  0.0400 0.0800             
 500.0000  0.5000 0.2500 DML-IVQR   0.2500  0.0200 0.0600             
 500.0000  0.5000 0.2500 DML-IVQR   0.5000  0.0400 0.0600             
 500.0000  0.5000 0.1000 Oracle-GMM -0.5000 0.0800 0.1000             
 500.0000  0.5000 0.1000 Oracle-GMM 0.2500  0.0600 0.1000             
 500.0000  0.5000 0.1000 Oracle-GMM 0.5000  0.0400 0.1000             
 500.0000  0.5000 0.1000 DML-IVQR   0.2500  0.0200 0.0600             
 500.0000  0.5000 0.1000 DML-IVQR   0.5000  0.0400 0.0600             
 500.0000  0.7500 1.0000 Full-GMM   -0.2500 0.0800 0.1600             
 500.0000  0.7500 1.0000 DML-IVQR   -0.2500 0.1400 0.2600             
 500.0000  0.7500 0.5000 Full-GMM   -0.5000 0.0400 0.1000             
 500.0000  0.7500 0.5000 Full-GMM   -0.2500 0.0600 0.1000             
 500.0000  0.9000 1.0000 Full-GMM   -0.5000 0.0400 0.5800             
 500.0000  0.9000 1.0000 Full-GMM   -0.2500 0.1400 0.5800             
 500.0000  0.9000 1.0000 DML-IVQR   -0.5000 0.3400 0.3600             
 500.0000  0.9000 1.0000 DML-IVQR   -0.2500 0.0200 0.3600             
 500.0000  0.9000 0.5000 Oracle-GMM -0.2500 0.0200 0.0400             
 500.0000  0.9000 0.5000 Full-GMM   -0.5000 0.0400 0.0600             
 500.0000  0.9000 0.5000 Full-GMM   -0.2500 0.0400 0.0600             
 500.0000  0.9000 0.5000 DML-IVQR   -0.2500 0.0000 0.0600             
 500.0000  0.9000 0.2500 Full-GMM   -0.5000 0.0400 0.1800             
 500.0000  0.9000 0.2500 Full-GMM   -0.2500 0.0600 0.1800             
 500.0000  0.9000 0.2500 Full-GMM   0.2500  0.0600 0.1800             
 500.0000  0.9000 0.2500 Full-GMM   0.5000  0.1400 0.1800             
 500.0000  0.9000 0.2500 DML-IVQR   -0.2500 0.0400 0.0600             
 500.0000  0.9000 0.1000 Oracle-GMM -0.2500 0.0000 0.0200             
 1000.0000 0.1000 1.0000 Full-GMM   0.2500  0.1400 0.6400             
 1000.0000 0.1000 1.0000 Full-GMM   0.5000  0.1400 0.6400             
 1000.0000 0.1000 0.5000 Full-GMM   0.2500  0.0200 0.1600             
 1000.0000 0.1000 0.5000 Full-GMM   0.5000  0.0400 0.1600             
 1000.0000 0.1000 0.5000 DML-IVQR   0.2500  0.0600 0.0800             
 1000.0000 0.1000 0.2500 Full-GMM   0.2500  0.0000 0.0800             
 1000.0000 0.1000 0.2500 Full-GMM   0.5000  0.0400 0.0800             
 1000.0000 0.1000 0.2500 DML-IVQR   0.2500  0.0400 0.1000             
 1000.0000 0.1000 0.2500 DML-IVQR   0.5000  0.0200 0.1000             
 1000.0000 0.1000 0.1000 Oracle-GMM 0.2500  0.0000 0.0800             
 1000.0000 0.1000 0.1000 Oracle-GMM 0.5000  0.0400 0.0800             
 1000.0000 0.1000 0.1000 Full-GMM   -0.2500 0.0400 0.1200             
 1000.0000 0.1000 0.1000 Full-GMM   0.2500  0.0800 0.1200             
 1000.0000 0.1000 0.1000 Full-GMM   0.5000  0.0200 0.1200             
 1000.0000 0.1000 0.1000 DML-IVQR   0.2500  0.0000 0.0800             
 1000.0000 0.1000 0.1000 DML-IVQR   0.5000  0.0600 0.0800             
 1000.0000 0.2500 1.0000 Full-GMM   0.2500  0.2200 0.2600             
 1000.0000 0.5000 0.1000 Oracle-GMM -0.5000 0.1000 0.1400             
 1000.0000 0.5000 0.1000 Oracle-GMM -0.2500 0.1200 0.1400             
 1000.0000 0.5000 0.1000 Oracle-GMM 0.2500  0.1200 0.1400             
 1000.0000 0.5000 0.1000 Full-GMM   0.2500  0.0200 0.0600             
 1000.0000 0.7500 0.2500 DML-IVQR   -0.2500 0.1000 0.1200             
 1000.0000 0.7500 0.1000 Oracle-GMM -0.2500 0.0800 0.1200             
 1000.0000 0.7500 0.1000 Oracle-GMM 0.2500  0.0800 0.1200             
 1000.0000 0.7500 0.1000 Oracle-GMM 0.5000  0.0800 0.1200             
 1000.0000 0.7500 0.1000 Full-GMM   0.2500  0.0600 0.0800             
 1000.0000 0.7500 0.1000 Full-GMM   0.5000  0.0600 0.0800             
 1000.0000 0.7500 0.1000 DML-IVQR   -0.2500 0.0600 0.1000             
 1000.0000 0.7500 0.1000 DML-IVQR   0.2500  0.0600 0.1000             
 1000.0000 0.9000 1.0000 Full-GMM   -0.5000 0.1200 0.3600             
 1000.0000 0.9000 1.0000 Full-GMM   -0.2500 0.1000 0.3600             
 1000.0000 0.9000 1.0000 DML-IVQR   -0.2500 0.1400 0.5000             
 1000.0000 0.9000 0.5000 Full-GMM   -0.5000 0.1400 0.1800             
 1000.0000 0.9000 0.5000 Full-GMM   -0.2500 0.1400 0.1800             
 1000.0000 0.9000 0.2500 Oracle-GMM -0.2500 0.0800 0.1000             
 1000.0000 0.9000 0.1000 Oracle-GMM -0.2500 0.0400 0.0800             
 1000.0000 0.9000 0.1000 Full-GMM   -0.5000 0.0400 0.0800             
 1000.0000 0.9000 0.1000 Full-GMM   0.5000  0.0400 0.0800             
 power_below_size
 TRUE            
 TRUE            
 TRUE            
 TRUE            
 TRUE            
 TRUE            
 TRUE            
 TRUE            
 TRUE            
 TRUE            
 TRUE            
 TRUE            
 TRUE            
 TRUE            
 TRUE            
 TRUE            
 TRUE            
 TRUE            
 TRUE            
 TRUE            
 TRUE            
 TRUE            
 TRUE            
 TRUE            
 TRUE            
 TRUE            
 TRUE            
 TRUE            
 TRUE            
 TRUE            
 TRUE            
 TRUE            
 TRUE            
 TRUE            
 TRUE            
 TRUE            
 TRUE            
 TRUE            
 TRUE            
 TRUE            
 TRUE            
 TRUE            
 TRUE            
 TRUE            
 TRUE            
 TRUE            
 TRUE            
 TRUE            
 TRUE            
 TRUE            
 TRUE            
 TRUE            
 TRUE            
 TRUE            
 TRUE            
 TRUE            
 TRUE            
 TRUE            
 TRUE            
 TRUE            
 TRUE            
 TRUE            
 TRUE            
 TRUE            
 TRUE            
 TRUE            
 TRUE            
 TRUE            
 TRUE            
 TRUE            
 TRUE            
 TRUE            
 TRUE            
 TRUE            
 TRUE            
 TRUE            
 TRUE            
 TRUE            
 TRUE            
 TRUE            
 TRUE            
 TRUE            
 TRUE            
 TRUE            
 TRUE            
 TRUE            
 TRUE            
 TRUE            
 TRUE            
 TRUE            
 TRUE            
 TRUE            
 TRUE            

10. NUMERICAL RELIABILITY
 metric                     value
 raw_W_failures             0    
 raw_non_OK_rows            0    
 power_non_OK_rows          0    
 missing_CR_lengths         0    
 alpha_hat_outside_A        0    
 CR_length_outside_0_4      0    
 point_left_boundary_count  47   
 point_right_boundary_count 61   
Boundary estimates are diagnostics, not numerical failures.

FORENSIC CONCLUSION
The tau=.50 exact/grid consistency checks pass, all saved mapping checks pass, and there are zero numerical failures or invalid ranges. The existing evidence does not point to a software inconsistency in the audited pipeline.
Undercoverage is already present at kappa=1 and mean cell coverage rises rather than deteriorates as kappa falls, so the coverage evidence points primarily to baseline finite-sample distortion, with an important extreme-quantile concentration but also several central-quantile cells below .90. Weak-instrument deterioration appears instead in power and CR informativeness: power-versus-size anomalies become more frequent as kappa falls, while the completed pilot already documented longer and more frequently full-grid confidence regions. Thus the evidence indicates baseline finite-sample plus extreme-quantile coverage distortion, combined with weak-instrument deterioration in informativeness—not weak-instrument-driven undercoverage. No method or result was altered in response.
This is a 50-replication forensic diagnostic, not final Monte Carlo inference.
